999

romi, 91111111 1191111611,9111ο111 1111111111111, 1111111111 ethnicorum
latinorum Romanorum, Germanorum et 11111. nationum, libri passiona-
111 sanctorum, chronica Eusebii 11 Hieronymi, ritae patrum, Gregorii
dialogi, jus canonicum, 11111111 chronica 11111111 11 alii libri. 99. 3.
9119111. 11111 11 1919111 ini historia 1111111. 11119 9111 11 611111
11119 9111111919111191. 911111 11119119 111 91169111, 9. 91. 1119.

9113. 1111911 ,91111 19. b. 911. 1601, 919 191919 919111111
1191111 119. 111111. 1. 1569. p. rra-340. [9. 1. 1111191. 1119111119.
011991111981111. 9. 1991 111 9. 111 19111111 119. 1111111. p. 141-161
[111111119111. 11991111 911 111911919. 111 ,1 1. 111 9111111911191111 1.
1998 111 9119111111. p. 141-111., 1. 1191911111 111. 61111111.11191.
9. 1699119911. p. 111-181. 911 1119111. 9111 1119 Pistor. 11 9.
Ser. 1111111111. 9. 1613 11 1191. ,669-7911991111111 1. 1119 111911
1111119111 11191111 9191119111. 1119. 9118111111111111 . 11191 911 Ρ11111.
11991111 91111 (9111191, 111 11911 1111 911 31111919. 91191. 1119111111 11.
1111111911, jebu 1119 91111 11111119111911 111119111. 1191, 81111111 9191.
Saron. ,965 . 9911119, 911111111111 b. 9111111 9. 9119191191.
911119. 111. 491. 9145. 1. 911119. 9111 111111 ,911 1111199111 99111199
6911111* 111 1111 1119 1. 9111919 1119 9. 9. 6111111119. f. 1111111 911111
1191 1911191991. 1899. 119. 1. 9. 115-194. 11. 111111 ,11911111 119.
91111111.,91111111111 9111919111 . (1111 . Q 91111. 91191119 11111111.
19. 7191111911 1. 911 11991111 1. 11111911, 111111 1111919911
19911 9111199191119, 1191191111 11191111 1119111 119. 911 9. 11111 911119,
911 111119 91 1111199 V. 91911 911 91191111, 111. (1111111, 9111911119119
9111161111911911 1. 9111119111, b. 91. 1111119119, 1111911111
11. U. 111191. 9. 1056. 1077. 1079. 1091. 1116. 1121. 1184. 1203. 1204.
1209. 1212. 1230. 1231. 1236. 1241. 1246. 1247.1260.1261.1263.1276.
1111 111111111111919911·(19111111111111ῖ
111 0111911. St. 91911119 111 Β1111111.“ 199191111191119111911 8.
[17 1919111696111 9. 1111191. 1111111119. 9. 1111111911,1111 9. 1119111191.
,0111911111 de 111111111“, 1111119111 (91911111 911 1111,1919 111 1915
9119111911, 11111 9111191111 9111199111111 9. 911111. 9119. (1191 911 9.
1169 1111111111111111119, 11111 111 9111 911 911 111 119911 11911 4 9. 11111
1111111111 1911119119,119111 911111 auf 8¹& 11119 111198111991191. 1979
-1414 911. 91169111. 911 1 1111111919 911 911911199111 9111119111
[111 1111 111 1111111 1111 111 9. 91191] 11119 1119 111 1966 9119111911,
1. ὲ111111911911111. 11111111119111111111111111111191 119911119111, 91111.
9. 111111,11119911119 1111111191119, 111191111111111 111 Thn-
1111911111 1191111111 0111. 1111111111, 91111 1111119. 9. 1111911911-
9111111111 1999. 1191. 911111 1111111911 9. 6111111919. 1. 111111 91111191
9111911991. 119. 1., Q. 79-93. 1. 119. 9. 9. 17 199. u. 19111993. -
191 1119111911111111 111 111. 991111,Ι 11919111 11911 91111119 91111 Ι1111191
1111 11111111. ..1111191911111191119111111
1991911911 11111, 119111119911119919, 1111919119
11119. 1911919. 10121219. 1227. 1219. 12 2. 1265. 1367. 13821386.
11111111111111·111911111111111911111199]
11 9. 911191111111191911, 9191111 911 11119111.) 0911111111 0111111111
(119111. 9. 31191 111. 11961-1515 (1111 1 1111 11191111. (19111. 11191119
9111191 1911111 31911 11 11111. 9111111111 1011111 911999 11911111911111,
11111111 91111111 691111. 911 1116191111 3119; 911111 1911191 L. 1111 911
1111 . 911 1911119119 911 1111191111 3119919911, 1111111111 919 911
911911111111111111161111ἒὶ 11111911111911111ἷῖ

 

