446

1101110111.(1101111011111110110110.111011111131101
1110101101. 1101ὲ31101ῥ11111ρ10000, 311111011010111110.

[110110100011011101900-1513,010111011110(011011101101
4,4444 0111010111131101110110111011110110000110111 10111111.
101101111011011101131111111111101110111100111111 ,

1111101111, 111111 01101Ι 1111 11101, 1111101111, ortelius Thentrum orbis

00111111113 1100116110. t444]4o. 404. 4444 0111001 1101101011011001110110 0011
11101 1 11 4]

10111.11111111011111111111(.1)ι 1404 11 001111011ος 4 4444), 31111111
31111111. 0110003011. 110 11111111101111,311111. 11 11110111 (110
111101,Νο111,0, 106) 3011101111, 11011111.0111.1.00,1111.11, 1.
311011ωαῦ 0105 00

[001. 1110111 011 0111100111 1111100 1100 0110 000000 ,
(010010 001111101100 01101011, 1110100 0.111 1101111ιο0 44444=
110.0110111000110101101110011110110100101111110 4. 3. 1001 0

11)·011111111, Jacob (010. 01001111οι0 1514ς 1110111, 1111101. 31111111
310111 110010011οι10 4 4644, 03 31οι 444. 4434. 311011 1111111111,
liter. p. 34 43. 44. 001011010 01110001. 00. 4. 0, 116, 111), 111111 1111
11101111 0011010οι Chronica 4444 444444 0100110110, 1111111111
111101110031106111111.,01111 1011101 0111011. 301 010 11 011
1019 3101, 44 010 01110101111110.01111110011011111 44434444443 0110
11011. 1111111 1111113110111101011 01011 111111οι11 1110 01010111.
1110 11 01111 111110011011011111011 1001100111. (166, 101, 594. 444 0.)
31011, 31101111011001110 0111100 0111 01111 110 310. 1111101111.
0110011οῐ11 111 13110111. (1615.) 311. 4444 4 31111 1. 00110111. 011101.
Chr. 11111011 1111001111, litter. 101111. 111111, 3111001011ιὶ Schiokfu·
111111.(0,40-43.)1.0)10011110111. hist. 0111800101811111 11011,
4--45 (011-11.)

[0011 1001111101101111111110001101110111010111111111010. j
011111110011 1.200<0,1ι10011001111,011111 111001. 010 1103. 311010
1110 41.- -1100 100 011001 11011111011111001101111311011
111111 4444 111111110111.-.010 1ε31111101101110113111 X.

0.,2 011 1111111101 0

00100011 1111 01111111. 010 010 1110101101 310,-1 1[0.15-65]
1110111100110.011 10101110011101, 31. 3- -1000 1111010 111

31011001011310,111-11111.(0.011-141),11-1111 110110-
1111111.1111111111..1111110111111 11
111001101111311011110111011011111 110011011ιᾶ00.ώ1,1ιιο1’111ι
0 110. 0 110, 3111011110 11001 1, 311011110111100104010
1101101,« «0111101100οι ι,0110 01110. 111 00110. 111 11110111. )310, Ι -111,
1, 110 011110 111111 11111111 11111,
113,11; &wanhun 4444 3. 13· 4444444 110, 1, 31113101 ''44444‘4444
3110110310 01131010 0110113ᾓ11ς 1301111313· 31111111
319· 0111111310· 0111011010 101 11Ῥο11111110010111
(0110001011Μο1001101111001111 0111. 310,11111-Χ (gg 4—43.
44-.444) 4444 1111011111 av 043444444 110 0,3.11111 3111111101
44. 1111111111 Soh. 0011101010 1111011111111011101
011011011031111,1101111011 110 011801111010101011111001101

31 01131011101110110110 011013111011001 444440 11,1110 1111011111

 

