,756

777 777 7777 77777777 777 777777. 7. 7777777. ὅ. 83. 7. 777. 7 [7777777 ’

7. 7. 77777777 77777777 Rp. 17. [777 7777 Ι. †]. 7. 3. sp. 77. [Uen
777 7. 777777 7. 77777777 Ι. 7. SD.. 777. 7. [7377777. Ι. 7. &aaut 7.
7. 777777 7777777777 7777777777 7777. 7777777. (777777. 777. 6. .10.
[77777777. Dte 77777777 77777777 77. 77777777, 37777777 7777. -
7777777777 ὗ. 38. 57. 77. 84 77. 739.) - 777. 111er.14. Ghron. ans·

vicens. 77777777. 777. Gr. 77777777 -1789 7777. 7777 Θ. 63) p. 777-777] ³

7777 77777777777777777 7777777777777777. 7777 777 7777777777 7777ι
7777777 77777777 7777777777 7. 7777777777 7. 777 777777777, 777777
777777777777, 777777 7777777777, 777777777777 777777 777777 877777 77 777777

777, 77777777 777 (777777777777777 777777777777 777 77777777 777777 ¹
777777 7. 877777777777, 777 7777777777 7777777777 77777777, 777777 77 ’

777777 7777777777 777 77777777 u. 7777777.

⁸²) 7177777177, J. E. de, 7777777. 77777777. 777. German„ praec. 0777777777. et
777777,- 7 77 7 7777777777
77777777 7777777. 7777777777. 77. 3. &h 8. Θ. 777-787. &h 11. (5. 371
-399, 7777. 4. &t 9. Θ. 379-375. (77777 77777 87777777 777 777 777 W.

777777. (7777777777 77777777. 7777777777, 77777 7777777 7777777777 ¹

777 fi). 77777 77777 7777777777).

[77717 77717. Nic. 777777777777 Thurii († 1575) Annales Rutulorum
77 vandalorum 77. 777 777 777 7777777. 77 877777 7. 7777777777 7777
777777 77777777, 7, 777 77 777777 3777777777 777777 777777, 7777777
777 777 777777777777777777, 7777777777 7. 7777777777 7777777777 777
777777 u. 77 77777 777777 7. 3777777 7777 777 777777 77777777. 777
777777 77777777 77777 77777 777 77777777 7777777777 77777 777 8777

dius, 777 77777 7777 777777. 77777 77777, 777 777 7777777. 7777. 77777777 7
ς77777777 77771. 7777 [77777777777777. 777. 9. [7. (77777 777 7

men} 777. 9. [7777777777 7777. 7 777. [777777. 7777777777 777. 77777

777777 7. 77777777777777 777. 7777777777 ,7. 7777777. 87777777 δ. 757.
759. 763. 767. 787. 794. 738 [7777777 777771. 799 [37777777 307. 377
[777 777777777777777 7· 77777 7777771777· ”32¹5
ῗε3ι77.. ί777. 111. 7777777777 7777777 7777777777 77 77777 77777777ρῇ77-
77777777777. 7777777777 77
7777777ἓ7773777 777777777777..7777777777ῗὲἒᾷῗῖῗὲ
7717777 777777 7777777777. p. 3²⁶ss340· Nr. V J oh. Bacmeuten
77777ῗέ777.7777777777ιὲ77777ῗέ7.7777777ᾶὲ7ἱὲῗῖ
777· 77777777 7777777777 77777 7777777777ῧῖῗέ
-587, Nr. VH. 777777777771770 7777777 7771777777777·
7777777777. 7777777777*77777·77
{Dalm 7. 7. Σ). 6. 787 [fia ,7777 Χ. 0777771 Yon 8777777777 dem Gott‘).
P: 777-64777. XII. 777777 877 7777 (7777777 777 77777777. .
77777) 07777777 7777777777 777. 777. 777 77777 mna 777 7777.
77777777 77777777, 7. 77 7. 7. 7777777777 777 7777 7. 7777777777 777 Qu·
, 77 u. 77777 (77 7777 7. 37 777. 7. 7. 7777777777777, 7777777, W·

 

