'2⁰¹² 0101110111, ὅ. 146-166. 1010011. 0. 1111710010 ὅ. 664-5170.
&tube 0 1710101010 1616, 0101111010101711007110, ὲ. 315-371. 11111061
010117 0100010010ῗο. 1370100116 101 ξ). 1673 ὕ. 313-316. 117101 011
110110..001.0110001·0110.100
0. 011 110716 010. 10110006 1664 Θ. 331-333.777110111110711 0. 3. 1111)]

¹²) 011711, (01107111, 1016110110.1640-1707; Dr. 011101.. 1010110100
0. 6011001100107 10 771111101111117101170, 10110000, 70 11010010 1111
1667 1017. 01000100. 7010110110011101. 0. 11101110000010 70 6101001ος
† 1707 110 03. 30111) 01170111 01071010 1617 u. 17071101 1001100010
1111 71110011 10 3 711110, 1100 011 016 11111001 006 1. 1100. 016
1. 111111 00100010 111. 1101101100 00000 1000110711. 10 0. 0. 0. 73111οι
11110 37011111. 00 1170711 (00017 110 100011117111.11010001 Philippi 11. em·
01010111, 3101000010 0. [0117011110 10 0100010011601017011. 0061111ἰο
11077 0. zita stirps (1001101 Pom. 193 (⁹3. 801.) 0. 70 0. 0. 1101111110
81011011. 0. 6111110 (111. 69.) 011. 11. 01001111. 10 007 10 0. 1311τί116111.
6001011. 01111710 (0001007671. 0. 7101101711. 00 076 0. 3001 1100167. X.
1173) 107 007 0. 1110110 016 7110000016 0101111 „Fragmentum 00100101
Pomona. Heiloriani‘3 0011 11101011 0711100111.,1010111 171 111111, 017170
0171 (000170111176 (10001100101011110 (1. 0010111. 79). 71701. 11010111
10 0. 17070111. 10100. 0. 0. Q. &104102

§Quem 1. 7700. 10111111001111010111) 1101 1711117011 0111100001,
01 0 1 001000100011.11101
9177717ἓῖ 0777701077 7171001070 11117111 11011 006 11000111 (1011000100
ξ1ᾖ77ῗ7707717707777177700·οῗ17ι7777οἒἶε77η17ἕο0171717·1771171οῇ77ἱξα-Ἧ17777η7
0111 1100 1100101110 17100111. 1011 &t 1706 0. 110 10100101 11010.
¹¹44 ’01711111007177101171110171110117771
777 f· ἐξὶῦξῦῇἳὶᾡ. ἓ77177079. ffib Ἀῶ 9. Θ. 463 fg. ( 077 bem Manu.
scripto anmeranico 1101710000“). meum& 001011307077071111771100.
111101110071101171101011111701111611
g. (0100101000, 0. 771110601101, 0. 1170111010 g11. 17011110 0111110107
711011 000 11111 1711111000 0001 70111111011010 0101111 1100 0. 7110100.
1000 011111701007100 10 171 1100. 2. 600 0. 0010171711 011101111 170οι
- 011106 0. (1001 01017. 0. 0111010001016 16. Sam„ &ommam (010.
1001011, 671110 0110001111100010 00 01111701011011ςΙ 00. 6. 000 011
30117 77111010 71011. 4 000 010 ς11010011111110. -0101000 1. 0. 0.
117110 01100010 1011, 110 . 2. 000 0. ς1700111111.171101100061770711110,
1000160111010, 111111 u. 1010011; 71011. 1. 0. 0. 00177010 (0110117710
10 110 710 . 4. 010 01001010 6110110 0. 10017110 10 11. - 311. 3. 7100. 1.
0. 0. 1716170000010· 71001. 0011 0. 1101111011. 71101100 101).; 1101). 3.

0. 0. 000171101110, 07531170110010110 0. 0. 00 u gebbtiqeuffrfipnssturen

10170 71011. 4. 0000. 10110710. 1701111οῐ00 001010

¹¹) 0701006, ῢο01017,(001650; 1101701 01011001110610700170111). ,1111
111110. 000 1101001110 107010170 100017001 11117, 011110 1111 011 1111
11111011 ,000 1107700111 1010001111111 011111110. 5010 3111071 016
000010 111116 0110101111 00 016 Q. 100. ,11170100 006 010 11010010 017

n

 

