27

δ11111.8’1111,ῧ111111, 1111111611 111111111111 6 i=
11111, 1111111. [11111111 11111111. 11111111, igini. &iii 111111. 111111
1111111111, 11111111111111111, 11111111111111, 6111111111, 11111
tinget -1111 1111111111 1111 11111131 11111111 1111111111. 1111111111
1 11. 111 81111, 1111111111. 3111111 1111111111. iius 111111 nuci
1 11111111 111111 1111111111111111111 11. 1111 1111111 1111 aud) 111
11111111111111111111 11111111 benum 11 11111 11 1111 1111111111
111 11111111111111111111111 1111 3111111111, iiie„ 111 11111 111311·
111111“.111111111111111111111111111111
ubet 111 11111111 111 1111111111111111111.111 1111 1111111111 1111
&chautim -1111111111’1111111111,ξ111.1. 11 1, 1111111111

1111 iiii-1701 11111 11111111111111111. 1111111111 ii 111 (11. Sos
111111 111οῆ 3 6., 81111111 11111111 3 εἰ, 31111111 6111111111 5 Q„

111111Ι 111 . 11.,811111111111111111 1. gria. 1111. 8 1., 811111111111.
111111111111111111111 111111111111111111

iiiam]
¹¹) 11111111, 11. 1111111111, 11111111 Ρ11111111111111111111111.1517 11 &aab
1111, 1111111 1111111 11111111 11111111111111, 11111150 11111111 11 Dima
11ης 11583. 1111111111111111 Gallici 1111111111. Ρ11111 11111111.
617911111111111111 1111111111, 11111111 11111111, iiiut 111 inte
111111 111111111111111 11111 11111111 1111181111 1111111111 111, 11111
1111111 11. 1111111 111 1111111 1111111111111, 11. 1111 ς11111111111111, 111111
11111111, 61111111111111111111 11111 1111111111 1111111111111, 11
1111111 111111, 111 A. 1579. 1111111111 11 1111111 1111111111, 11. 1111
δ111111111111111 11111 1111111111 11111111 1139 ὓ, 1111 111ῧ11111111.)
iiim 1111111111 111 D. 0111. Sagittarii, 11111. Ρ. P. 1111 111 111111. 31111,
1111111111 111 111111111111111111 6111111111, 111 11111111 111111111 1111111111
111 1111111111 u. 1111111 1111111111 1111111. Qui 1111111111. 11111111· '
111 11111111, 1. mit 1111111 1111111111 1111111111. 111111111111111.
&ammiti 11311. (iiie 111111. 1111111111 1111111111 15791114. 1111.
1111111111 1111111111 11111111111111111111,111111111111111111.1.11.”;
111 111111. 111 1.11111111111’1 111111111111111111111, 1111111111,
1111111111. 11. 11111111111111111111111. 11111111. 1681. 4.) iiiuc 1111111
1111111 111 31111111 11 111 ,811111111111111111111111111111111111111 (11111-
111111101111111, 111 111111111111611111111111 11111 1111111 111111
11111111. 111111.Κ111111’1 Bibi. 11111. 1111111166 11. 1. 1111111111
111111. 1111111111. 111. 11111111. 111. 1. Θ. 304.
[111-1114911111 1111. 1111111111 111 1111111111. 111 111-17. 1
&fleo-gi. {ambiit ἓ1111111111ῶ11111111ί1ῤ11ἑ1 iioglbhnn Qum
111111111111111111.111...1’111.11 ’1. iiii:
1111111. -1111, 28-39. (Ma-34.) 1111111111 111 111111 1111111111.
1111111111,1111111111111.11111111111111111-11111
-36 11. δ. 91-110, 1111 1111111111. 1111. 1111. 94. 11. Q 94-105.
11111111 1. 91111111 1111111111111111 111 111 Diti 111. 1111. 95. 11.

Θ. ios-107. 6111111 ὓ111111 111. 111. 36. 11. 6. 101-110. &tamin
31111111, 13111118111111). - 1111. 31. (Q 111-111.) 111111 Quieti.

 

