139

11131111111111, 111 11111111 111 1111111 111111 11111 11 (11 1111111111.
6111111 11111111 111 11111111111111111111 14111 11111111111111
1111111 16111111 1151; 1111111. 1111 111 1111111111 111Θ111111
u. ῧ111111111 11 1116111111 111 1111111111111111181111811ᾶ1101ι111 ἓξ,
Ξὲῦιῗῗιξοὲιφέἒῐίἓξηὲῗηηὸῃῗίἐῖᾗᾍ Θ111 111111111111111111 'Regi 11 Bogud

olonna 11 1111111 Prussup 1111111111 11111 3. 16116, 1669, 1611, 1616,
1611 u. 1651 (7 Q), Uebup‘enfl 1111111 L. 1111111111 111111,111111111
111111111111111111111111111 11111 111. 1111111111
1111111111 (111111. 11111 11111111 11111 L. 11111111111111111, 1111 111
111 111β11111111111111. 11 111 11111111111111111111111 1111 111118 m
1111111111111111

. . t .

⁸¹) 6111111111,11111. ,611111111111111111111 1111 1111111111111311111
1111111, 1111 1111111 11 1111111111111111, 11111111 111111111111111111
111111 111 111 306111111111111 1-1611), 1111111 11111 1111 1111111111
1111111 1111111111111111111 111 111 11111111. 1111 111- - 1111111.
1111111 1111111111 (1111111111 31 ὓ111111111, 11111111111111111 111 ,1111
11111111111 11 11111111 1. 1. 111 (1111 11111 111 11111111 11111 1111 111
11111. 11111111. „Paulus 6111111111) 11111111. 11 11. 1. (111. 141-
190 Ε.) 111. Β11111.11 Qrt. 237. 1111111111111. 1111111111. 1. 1111ῑί11.

[111 111111 1111111 ,111 (1111111111111 1111111ὃ 1311111 111 1111 3. 1641,

111,11111111111 111111 111111 111 1111 1111 11111111111111111111111

111111111111111 11111111 55⁶ 11111111111111111ῗέἒὲ
, .

tu

Θ11111111111111 1111ζ11,1. 1111 1111 11 (1111). 11111111. hathwiga
gt. 11111ὲ111 111 1 1111111111 11111111111111111ἐς 1111 111ἑ111

.11ΜΜΜ1Ἢ1
111111 111111111111, 111111 1111 11111 111 11111111 1111111111111111
1111 111 111111111111 1111, 1111111 1111 11111 1111111 1111111111 111 111
w.. 11111 1111 11111 111 11111111 1111111111 1111111111 ιι. 111111 11111111
111 ὃ. 111-»148 1111 1111 11111111111111111 111 1111111ὓ11111 1. 111111
1111111111 111 1611,111111 11 111 111 11116111116111111 111 1111
1111111111 11111111111311111 11111 11111111111111 111 1. mens 1111111111
1111111111. 1111111111 11111 11 1111111111111111 1111 111 111 1111111111
1111111111 1436ῧ10-86. 1. 111 ,1111111111111 1111111111, 1111 111 111
1111111 111 1111111, 111111 1111111111 111 1111111ὓ1111 . . . 111 111
{unitim Drben 11111 11111111ιὶ11 1111111 111111” Q 115-131. (111111
1111111 1111111 1111111111 111111 11 111 1111111111 1111111111. 11111111
11111111.111111111111111111,111111111, &rumonus 1. Q. -
11111 (Q. 111-19611 ,1111111113111113111161111.1 ,13111111
1111111 1111 11111 1111111111 1111111. 111 1111111111 1111111, 1111111 111
1111111111 1111111111 11111111111111111111 1111 ῦ1111111111111 1111
111.·’ 1111111111111111111111 1. 1. 1111111 1111 11111 1111111111, 1111111,
1111113111ῗί Qum 1. 1. 11. (ὢ. 161-190 , 1111111111111 111111 111
1111 11 1.

mamm, Oonr. Sam„ (111 1. W. Berger, Gonr. Sam. 8111111111.
Memoriae. 11111111. 1101111. 111111111111 8111111111111111 Epistulae
selectae. 1111111. 1111. 1119. 1.Ι)ο1)11111,111111111811111“111. 111111).

 

