21

nn! 97777777777 7. 3. 316 1777 7777. 677, 771 73. 1197. 7717
77711777 ὃ. 7-74. (77777777 717771717ιὶ7 77 777 711777 7777 777
7777777777.“7.777777”777“7.“77777 ..7777777777 77
1777, 777. 777 7177777777 177 7771777777 &mie 777 777777 7777 7777777

17ηὲ7777 77137771, 777. 777 77177 17777ἵ7 777 71777777 7. w· 777. M

771 7111777777777717777177777 7717777777 7777 7777777777 77 77 &ene 7117
377177 7. 777171 Ι77777 777777 7777777777. 7771377177 77777777 771771 777777,
377177, &abnuas 6777777, 77777777, 7777777777, &pun 777ι
Μ77717177·77777.7777777771777..77
gutth'Ubtbeilf 777777 717 771711. Ρ777871777177717117777-07777717777
’717777 7777777 7773777777. 77777777ῗ5977
wat! 777777 7717771771. 77 777 1797. .777777 1771717177 177. 7731-
7177 77177177 7777177717777. 77 77777 777 3777777777 17777 777 777
§mamb 7. ξς. (777. 1797 (7. 11. 71. 777) 717 (7. 1ο. 77) 1697 7771
77777777777771777”“77“7777.”77777“.“777777“”77 7777
7777777777ἰξ7777777 777 77777777777777. 7777 3777 1697 771 177 771 pag-‘¹

7777777 &bt . 77777 7777777777]
’1 mentun, 8111· 77777, (7777777 7771777771),117717777777777771777-1777771-
eornm (171177777777 tres. 7177 7717 ,7777 717777717777 7177777777 &athen
6777777777, 7777777777 77 771 77177 77717777 7. 7. m. ῢ777777771 1776-78.

rt 8. 7777 L Kfister's Bibl. hist. Brund, ,767-769.

777777 7777 7777777777 .-.
7117717777ιί, 7777777777 777 7777777077177777177 77777 777 6777771777
777 (77777777 7117771777 7. Δ. 1661. (5. 47-17. 3 7ο. Eud. 7771777777,
Archi-Dinoni 777 (71777717 7711777777777ἓ777777177777777 777 7771777777
7117777777 777 &abt 777777777. ,18-55. 4. 7777 6177777777
burg 77777777 Fata 7. 777777 232 7777777777. (77. 3. 1799) Θ. 77-61,
met &abt 671 777777 777777 717777 8777777777 7777 &aba 777 7777
77777 7. Δ. 1763. .71 77. 6. (6177777, 7777771777777777), 1177777777
1777777.67177777777777777177761777Θ7177777717777.663-69.
7. Dr. 77. Christo h. 117777177717777777 7717 bet &tam &ubuum
ὕ. 70-79, 8. 7777777777771777777777777777777777 7777 st. Ρ7777 7777717
777 67777777, 77. A„ 1787. ὃ. 79 77. 9. (777 7773771777717177771771 .

77777 77717 affirm 7777 St. Petri 777177 77 7777777 77. 3. 1767.
.· 7· 777771777777777·
11ῗᾶ77. 07777. 7777777771777τ7ῴ71777777ῗ7771777α17177777777 777777771177Ῐτ777·
771 7777777778 777 61777 61777777. ὅ. 36-97. 171177777777777 77777
confirmation 777 ῶ17771781..7ο7777777 777 77777777777 7. Α. 1383.
Q, 98-100. 13. (7777777771 1777777777), 1177777771777 777 777 mv
7177777777777777777777777.7777777777777
37771 (b. 71776). 6111437- 0711777117 heah. (7777771777
concio 777 fmilia, 77777 77 morto 177 Georgii. 771717717777717177·
7. 7777717777 71 &athen 77. 9. 7777777 777 677771177777777.
4. (17771117. gonfimntion 7777 8777777 ten 777 67771 ῶ777777777. ,7. 71177
777777 777777777 7777 717777 7777777777. 6. 7777777171 (7777777777777 777
77777777777771117771 77777777 . 7177777777 7777777 777 67777717 77
7777777777 7777 777. 8. 777 7771377777777 7777717777. 9. 717777 7777777777 77
77717777Θ77ι 77777. 1ο. 7777777777777777177777 7117771 7777. 1717.

 

