946

111111111111.,1111111111
1111111 11011 111111 11 11111111, 11 11 1111 1111111 1111 111,
1111111111111111111111111111,111131111,31131111,1111111
11111. 1. (11.1 11111111-16,111111111111311111111111113,
111111 111111111111111111111311611111 111 1131111113..
111111111, 1, (999929993 111-1111131,1111111161111·
1111 Q. 16.) 1. 1111311 (1.71-71; 1111,111.1.1111111
6 ¹³¹..9 .²¹19·. 16611661 6161631116116111316 1613616161

6611111111661 1111111111111.ΧΙ1.,1111111111113163,1ι11’7313
1111131111111111113161, Q 3-9· 6,(1111111311111111111 11111 .

111111111111111, 11 111 1111 1111111111111 1111111111 1111111111

1111111111111111111111.11111111,1.11.11107’1..3,81311111
9 61661 611 9¹99 99¹9 9¹ 6113161616 16616661Ῡέ 6
16161111111119111111111111111311((1.1,11333 9

6166666666 1111111111 1 1111611111311111111111111111111)-
(1111111111 1111113111111113131 1111111 1111 111 1111111. 1661111111·

11111111111111.11111111111111111.1.10,11.1111111,Ι.1.11,,
1. 1111331111,111131133131,,111ἑ1133,1,,1163,1,11,1,11131, 11111-

1 1111 1 111 1116119 ,
9¹99 11136131311111661 116361111363661111116116161111161 ῑ

11311113 1, 1111 111

111111. 61 11· 1 11131111361 11111111111116111111,111111111111
1111111 Q 96; 11. 1111111111 111113 313 311 1111311 Q 963 11,,1 19
111131. 11111611 11111 (111111. 111111. 1090 1.79; 11. 1, 1111111111
6113-1. (1111131331113133333313363 1,,1131 113311313,1Ι111161,,1168,1Έ3ἒ 13,
6166615661ἓ6 1616113161. 6611111113 111666 9999. 111316661361666161611111111111
1169 Q 90; 1111111113 111111, Ι, Q. 11· 11, 16, 16111111111111. 1,
11111111161111,1131161.11,1.11111111111.11111111 1111111111
111113 1,131111ῃ133,,3,,1,3,1,3311.611111111.[1131111ἑι,3, 31,
ἓ6666166-6666163 66166166 1161111161 III 111 1111111111111,1111 1111·
111111111111111 111 111111111131.111111111101111.01111.
1. Tabul. Fundam„ Q. 41 11·11111111,11 11111111111111111,

1,11111 111111 111111

11111 1.45;1ι1.6113111,11’61.10; 1111111111 101151. 9

[111111111111161111 1

[1111111111]11,11111.[(111111111.;1111ε 1

11131111111111191·,61113111111111,611ιι.1111111ι113 11111116 113611·
1111111111]1,59,661;111.1111111 111,1.61,6361;113111,17, ι

111111[1111111111]1.667111 11
1111111111ιὶ1 Q. 766. 17; 11. 1116161611, 993 111. VIII. 61111111 [111

111111] Q. 106· 111111, 11161. Q. 763 1111111161111. 1117713611
1111111111 ’11111111111111111
9. 11111]16963661111330111110613,611,12,3,ᾱ,1,,,11316,311 33133136166133,
16ῗῖ6666166116.166311361113 116ιὶ1 1111111111. 9. 1111111111 1111
6161666116 16616666166111 111161111611116161611666166661116161]613666661160616 616161

1111111131, ,11111111 1116111111] Q. 64. 66. 7133 '919m9999' ξ,,66,; ,

31311111111111111] 119. 1611311111. 1.11,11[1111111111ιι6 1111

111] 51113] 11, 111113 I 1.3.1,11.16.17[11111133.1111
111] 71; 1111161111 116111 11116, 711111711116191 3.

[16116131111111131 11111. 111111, 1111111 3.

 

