560

1111111111. 11111 111111 11111 1111111111 1111111 1111111, 111 111 111111
1111 11111111. „Origines 11 11111111 lib. 1111111. 1111111111·
11. 11.1.·111111. 11, 1. 11111 11 111 111111 11111111, 1111111111 111 11
1. 011 1111 111111 111 111111111111111111111111111111 1111 111111111
(111111 111 111 1111 1111111111 1111111111 111 &t 111111, 11111 auga
11111111 1115111111 1111. 111 111111. 611111111111111111· 1111111111 1111111111
111 11111111.. 1111111111. 111 1111 §ric 1 1111 111 (1111111 1. b. warh
1111111111. 1111111111111 bugat.) 11111111 111; 11111 81111 111111 8111
1111111 111 111111111111111111 111 0111111111111 111 1111 111111111
1111 11 11111 gun? 111111 611111 1111ςηί 1111 1111 1111111111 1111111111, 11
‘⁰¹‘ “¹¹² ”M Ὗ 111111ἒξ1111111111111111111111 11
ξείιιιὶἓῐὶ1ιξὶξιιῇὲὲὶιιτέἦιὲῗεη1ειι 1111111Β 1111, 1111111111 1. 1111111111 11 sum
11ὄ1 1111 1111111111 111111, 11 1111 ongum 111 1111 13111111310111111111111
1111111111111111,ῗὲῗέ11111111111111111111311111
hinet 11111111 1111111111 11111·Β 1111 111 811ἵ1 111, 111111 Mn· angen 111
111111111111111111111111111ἓᾲ1111111111311
11111 6.,1111 1111111111. 4 1111111111 3111111, 11111 01111131111111. 1.
’1311111111111111111111111 ἔ1111111111111111
1111111111 11111111111111111111111
1111111111111111111111111111111111111,1111.
ΕΕ1111119 11111111111111111111. 10931. 1111. 1. Com 1111111
81511111111131112151111111ὲῖ 1111ἒέ1Ὗέ ,ῗέἔῗαὶοἱὲῗ
11111181ἴέ 11111111· 011111111115111491111ῗὲ 1111
Ο1111111 111111 111111 111 1111111ᾳ11111111111 upn 1111 11111111181111111111
111. 1433111. 1611111, 1. 1435111 110 1111, Q. 1431 231. 172 11. 1.
1133113111 11110 ἐῖἳῖῗιέἓέὢῑὲἓηέῗιῗξ· 1111311111ἳῖῈί
111111 111-1111 11111111111111111111.
1111 14011111 1111 11111 1111111111 111 1111111 11111111. Ι1111
1111111 1111111111 1ῗώ 111111 111 111111111111111111111111111191111111
1111 111111.111111111111111111111
111. 1111111111111111111111111111 ᾧ
1111111111111111,111111111111111111111111
1111111 111111·1111111111111.1. 11-
111111111111. &le 111 111 11 1111111111, 111 R. 1111111111, 1111 11 111 1
1111, 111111 11111 1111 1. 111111111111 11111111,1111 11111111111111
111. 11111 11111 1111 1111111111 111111, 11111111 111111 (11111111. 111111,
1 111 111111111111111111 1111111111 111 111 1111111111111111111 111
{em 111 111111111111111111 1111111111 11111111111111111111111111 111
1111111 1111 11111111 3111111ξ111111 11111 1111111 1111. 111111111111111

111 1111 0111 11111113,

11111111 11113111 st. 11111 1111111111111,111 11111161111111 1111 111

111111111111 111 1111 nur 1111 111111111111111111111111 1111111111
111111, 111. 1111 111111111111 1111111111 1. 11111111111111111111, 1111

 

