1111

1111111 1131111 1111111116 11611, 1116 1111 mii 6111111111 1111611,
11111 ie 11111111ᾓῴ beguini, 6111111111 111311 1611. 31 111111
61111111111161611611111111111)11111111111611’ 11116111 11311111
11111 61111 111) 61111161 iim, 1111 ibn 11. 311111111153 1111, 111
611 111 616111 6111131111 ,Anno 1696. Sum 111. 1111111 11111. Romus!
116111 - 31 111. 1111111. 1111. 161. 11161111 66111. gat 111111611116111
zita, 1116111 61111116. 67 (111116 111611116111111111616 1. 11611111
,1111 61111161 1116111111 111111 (11111611 iii! 1611111111 111611, 11 6111
(1161166111. 111 Ξ. 67-111 (111111 111 111611. 11111611 ὅ. 116-1016)
61111611,1)11 611 inei: ,1111111111111111111111,111))111111Ρ1111111. 1611
111111111111111111111, 1111116116 611 1116166111111161111111161. Ex col·
lectione lmmeriptot. (111. 111111. (1161116111.1 [11 6111 61611 goim 611
6111111. 116111. 111111 1. ,1111 16 611 1111611111· 11111616. 1-11,
1.,1111 11111111 Privilegien (111 Laude und 811111 11 16111111 durch
Rinig sigismundum, 1111111 aliergnicligeien Herm cuniirmiret 1111111111
und 6111111111.1 6111111). ὕ. 13-17. 3. „Principii 11111111 1111111111 (111
1111111111 0111111111 nieht mag widerwondon (11 Laudo Ρ1111111111 0111111
Laudi und 11116111 Laudi! Ε. 56-63, 1. „Suckow‘ (116. 611 6111 11111111
&udan 111111161111 11111111111161111111111; 116 6111111. 1611).) &ei-61]

8¹1 111. Bor. 111. 155 (16661. 16. 311 Q), 111 1161111 116
11111 1111111 6116 111 611, 111 11111111 611 616. 111611 1111111111 111,
11111111, 61111611 ild) 1111111111 111 (1111161161111) 8161111111111111111,
1. 111 611111111111 616 611111111116 111 1611111111 611 6111111111(111
61111111 11116, 611 611616. 11111111 bath 111 &citui (111) 6111611111
,11161 611)11(1111111’) Ε. 3171 ,6111111111 111111111Ρ11111111 ich mit
111111 gezfigen‘ 1111516-1567. (6.1. 111 41111111. 11 11111111113161111
111116161111111 1611 611 11111111111111111ῢ1111111161. 1. &glomuni
1111111 1. 11111 111111111111611111 31 11111111,1116111,1]1111116111,
1111116111 116 1161116111111116111111111 1564) ὧ. 317-611. 111111)
1111111 1116111111111. 1116 6111116111 „Eigentiiche Beschreibuugo 1111111111
grunilichen 1111 Statii Dantzigk sampt dem Zugeherenden 6111111111 die
weisselminde genant, belagorung gantz ordentlichen zusammengesaizt,
was sich 1111 tago Zugotragen hat, 1111 ihu scharmfitzoln begebeu 1111,
durch 11111 alten Kriegsman 1111111111, vnd mit 11111 11111111 gezogen,
geschriben d. 15. Novembris ibn 111611 vnd siebontzigsien iham!¹ (1577.)
(1171 Θ). 11116111 111111 1111111 (1 Ξ.) fulgen einige 1116111111 1111
11161 11111111. (6. 1111) 11111 11111111. 1. iiiior. 11111111 1611 11111111
{immitem 6111ε ,611 11111 1116111111 611 111161161111111.1 „mic
3111 611 (11111111 11111111, 6111111116 111111 6111111111· ,1111111 611
8111111111 ,1111 611 1111111 1111111111 611111111111111111 111 ,1611
&inge 11111 11 616 1.(1161 (116 6111611111, 611 11 611 6111111611

6111111 1111111111 6111111111 (11611 116 6111111111) 1111111111 1116,
1111 1111111611 1611111111111111111 6111111111 (61111. 11111111 111611.)

[611111116111111 611 13. 1611 11111111 3111111 1111 611 11111111
1). Pr. 1. ’1111111116 166111. 1. 1111111611 116 111 611111611 111111

 

