606

6111111111 11.

spangenberg (61111 ι 61111111) 666.
1111111111. 6111111.) 411. (111116.
1116· 11. 61161. (1111111.) 69611.
(61111111.66161.)419-411. (611.

1. 611111111611166111. 611111·
11111111 1. 696.

61116111 461.

6661166161646-646.

6111166611 (1.1. 6111111111) 666.

611116161466-469. 616. 664. 666.
646. 666.

611111111111 161. 604.

6111111111 616.

616111, Erum. 141 11. 161. 1116.

6161161116. 666.

- 111111. 01. 16.

616116, 6161111. 6111111116.

61111111 (6111111) 11.

6161161, 611. 161. 61161116. 111-161.
666.

Stephani 66111106161. (1.1. nngal-
616161) 116 11.

61116111111011. 6. 1166161616.

61111111 (61111111 1611) 141. - 6116

· 11111 611161. 6111611111.

6161611111 601. 616.

6161616116 664.

6111161146.

61116646. 666. 660. 476.

661111111161111141-141.61161.

6111111111 606.

61161161 119.

6111166111, 111116. 01161161111164.

61111161ςὶ11 46.

61116111,66.16.

6616161111 166.

6111111666 11. 616. -· 661 11.

611111. 6. 6., 611111. 1. 11111. 611
111111 666.

stravius, Β. 66116. 16.

61111116 614.

6166111111 461.

6161161111, quod 611. 666.

61116111, 111116. 1. 606.

611111 (6116161116116. 116. 661616.
6111111111. 6111111161 6. 611111 vm·
6111161161 61. 614. 666.

2

’11111116 611111161111 61 Boucheton.
77. 160.
- 1616116611119911416.
- 1161611111. 1111111111.6111611111·
11111 676. 677.
- 116111161.1116.0111111 1111111·
111116.
6111111147. 146. 666. 616. 476.
6111116 1. 6111116111. 6111111.
6. 6111116 1111161111 161.
6111111161 11.

16116611 161.

’1616111111 0111161161111111 61. 667.
’1611161 66. 611. 616.

Tem pomennio quomodo subiecta
611 6111. 11. 1611. 16.

6616611161 661.

’1611111111 461.

'thangmarus 66. 641. 461.

’166661111 110 fg.

Thegnnus 644. 461.

Theodorias. 6. 1116111116.

Theudoria. (16116116 666.

—·- de 16161111619.
’1661161111116 6111161111 161.
6616611611. de Hagen. 6. Hagen.
’11161161111111 666.

6116111111. 1161166111 666 11. 66
646. 60. 160. 166. 656. 600. 661. 466.

11111611.

6661161111 11.

1661161161466.

1111111111 (61111111 1. 6111611111, 61·
11161111, 6111116111 1. 1. 16.) 666.

’1161116 611.

6116116661 119.

Tilenus 191.

’11116111 6 Tilena«, 11116. 116.

 

