423

1111111111, 11111 1. 111. m. 1111111111 111 111 611101. 6111111111. 111111
1111111 0111 11011011. 311101010113 11111111 1. 1111111111 31111311111111.
Antiquitt. 11111101. 111 1111111111 11111111. 1111. 1111 Ε. 3119-361] 1.
111111. 1. t· D. 111. p. 201-1141, -1130111113110111 01110110. Thu·
11111113,1111111011113110111311011111910101.-·1440. 1311111119
1111111111 1111 (11111. 11. 3111111111 111 11111111. 11. 111111 8111111, 11101
aud) 1111 11111121111111111 1110111111. 3. (111111. 111 pag. 1649, 1660,
1331, 1331, 1331, 1333, 1139, 1193, 1113, 1111, 1119, 113111111131,
1191, 1119, 1111, 1111, 1113, 1113, 1130, 1131, 1133, 113111311131,
1193, 1199, 1193, 1191, 1191, 1193, 1131, 1193, 1199, 130111011301,
11110, 1611, 1813, 1821. 3311. 1101101. Ρ191191. 1. 211. ΙΙ. 111. 24. 11. 1111
Θ, 323.) b. 1131011. 11. p. 1633-1624. - ⁴) *Hart Kammermoistori
(† 1467111111141111111103 (11111111). 1440-1467. 1111 2101115111 411.
0111111111 1111) 1111111011, 111 11 1111111111111. (1111111. 31101.
1111. 1. 1133, 1191, 1199, 1191, 1191, 11911909, 190119031910, 1911,
1214, 1215, 1216, 1217, 1218, 1221, 1222, 1224, 1225, 1226,1232,1233,
1931, 1939, 1933. 01111. 1111633911111111. 111. p. 1133-1931.
- ⁵) 'Erphurdianun Antiquitatum Variloq, ab 111110 fundationis
1111911 civitatis sumens 1101111111436-15111111, [31111 1111 1111111111
61111, 0111 1111 1111 11111111111111111111 111 11111111. 11111 1111111019
111111 11111111 901 111 10111111111111 1111 1111. 1. 433, 417, 712, 1161, 1036,
1019, 1093, 1109, 1119, 1193, 1199, 1111, 11111111, 111111111131,
1111, 1113, 1111, 11111131, 1119, 1131, 1130, 1193, 190119111991,
1991, 1991, 1993, 1930, 1991, 1939, 1931, 1999, 1993, 191119111919,
1919, 1911, 1911, 1913, 1933, 1919, 1911, 1919, 1930, 1939,1933,1931,
19311991, 1939, 1999, 1319, 1901, 1309, 1919, 1311, 191119111391,
1326, 1330, 1332, 1333, 1334, 1335, 1336, 1340, 1342, 1344,1347,1343,
1349, 1350, 1351, 1352, 1353, 1354, 1377, 1332, 1332, 1427,1440,1472,
1464, 1421, 1437, 1438, 1503, 1510, 1511, 1512, 1513, 1514,1515, 1516,
1111), 01111111 1111 1111 111111 1111111111 111 011111. 1. 1111111111 1.
1. 3011111111, 111111 0111 mit 1111111111. 1311111 1. 1111111111 11311111·
1111,11.31111111 1121111111, 11111111. 112111111111111, 11. 11131.
11111·1,11111111., 21111111111, 3111111111, 3111101111, 11111
aud> flb- 0691111111. 1. V. 11111. 1111111. 1111 1. 1111111 1111 2111111111.
3111111111111111111 1110111111, 3011119 1. 2101111111111111, (11111111,
6111111, 311111111111111111, 1111111 1. 11111 3011111,.111111111111,1>1111,
11111, 111113111111111111, 11111 3111110113, 5111111111, 331111111111)
1. 11111110110111111111111 11111111111. 81 1111111111311111 111 11101111.
1111 31111 111111111111,111 0111111111111111 11111111 3.1100-15171111.
1111111 111111 1115111111 111 0111111 (1.1. 60111.) 1111111. 101111111111
1111111111 2111111111 11111 111 1111111111 11 (111111 11111111 1111113111,
11111111111111. 111 11111111 11 011111 16091 1610, 1111111. 1111111111

11111111 111 01111. 1111 31111111 11111111. 111101. 1111111111. 1111.
611111111111.611111.1.619-611. 1111111113 2111111111. 661. Q 939.)
1. 11011111. 11. p. 412-560. -11 ’111011 3111111111 Chronica 111101·

 

