157

1111, 1111 11111111 11111111111111,1115111111111111111 {ebt 1111111111.
11151 1111 11111 111111, 1111111111 11111111 1111 11 15111 11111111111111 11111
&apen 1. 111111111111111, 111 1111111 111111 1. 111111111111, 11111111 {pap
511111151111111 111111 111 1111111111, 1111111 11111111 1111511111 fit·
111111 111111111111111111 111 gangen 1111111ίί111 1111151111. 1111111
1111111 111111 12. 1111111111. ιι. 111 1111111111 1111111111111311111 11111
111 11111151111111111111 autb 111 11111111 111111111111111111111111111,
111111 (1111111111111111) 1111111111 111111 1111111.

ῶ11111111111111 11111111 1111115111111111.

¹) mnu, 1., (111108), Polonicne historiae corpus. 31811. Basil. 1512. 111.
(111· 11 111111ἒέ 11111111111111111111111.11111ἶῖ
scriptor. Polon. 11Ρ1111. p. 45. u. Struvio-Buderianao Biblioth. Historic.
Select. Gap. 29. 13. p. 1505 [fl.

[1111111115.,111 1111. 1. 1111111111 6111111111 1511111111,111111 ιι.
111111, 1111111 11111111]

¹) 111111 v. Koloi, Lr„ (11778), Η111111111111Ρ1111111 11 magni Ducatus Li·

thuaniae scriptorum collectio. 2 1111. 1111111. 1161-69. 111.
(putum 111 111111111111111 6111111111.)

²) 11111111, wincenty‚ 11. Kadlubko (1111 1116 1111111511 11 &anm
1111, 1111 1201 11111111 1111111111 11223), Historia Poloniae (-12ο1.)
Edit. 111111111181111 11. 11111111 1111111.) Dobromili. 1612. 11. 8. 11111111
,vincentii Kadlubkonis de gestis Polonorum¹⁴ 1112.-1111.111111111.
iulg. 11131111111111 (1112. 811). 11111111Β11111, [1181111111.
Polou. 1111111. p. 190-203. Run gii 11111111111111111. 1111111111. gentis
8111181111. cap. 11. 1. 5. p. 21. 11111111 11111111. 111 1111111111·
111111. 11111111 11161111111111111111111,111 1111 11111Ιὶ1111 111 1111111
Sui. 11111. 1. 1111111111εὓ111111111, 111 (Qum. 111111. 11111.
1111111111. 1112211. 8. 11111 1511111, 1111111111 (1111115111. 1111. 3. Q. 312.
83. 11111. 11111111111111 1. 111111 1111111. 11111111111111. 1811. 111. 1.
611211.

Qud) 111, 1111 11111111, 1111 1111 1111111111 11111111111111111151111
11111. 111 3 111111 11111111 111111 111111 1111111, 11111111111111111111
1111111111111·111111
, , . - . . 1111. 11111, 111 111
1111111111’111111111111111111 11111 11111111111111111
11151111 1. 111 11111111111111111111111111 1-1161. 1111161-1201.)
111111111111111111111111111111111 (11111111111113
11“1ἒ·11.131”11111.1111’1 1111111* 11111 1111111111111
11111111111116111111115 11111 111151 111111 1111111111191111 11
pam, ‘thoth 111 (1111111111 1111111111. 1111111 1111111111. &ein 111
ppt 111 111 1111111111. 1111111 1111111111 11111111. 111 111 (1111111111
ιιι 11111111 111111111111111 1111 11111 1111 1111111111 111 1111111 1,

 

