30

111111 1111111111 11111111111111111111111111111 (16.) 1111111111. Anno.
1593! 114. 111111. Kfister's Bibl. 1111111Β111111. p. 339-341.

1
[1111 Β1. 11111111 111 111111. 1. 111111 1111111111. 111 1111 111111113111111 1
1111111 11111111 1911111111 111111111111111111111111111 1
1. 1-11, 1111111111. 1111111111 1131-’51 11111111 1111111111
Q, 58-68. 1111111111111111. 168-83. 1111111111. 3111111ῢ13 1
-95, 1111111111. &96—105. 11111111 111111. &lob-111. 311111 ,
1111111-111. 31111111. 111-111. 1111111111. 1.]11-111. 1
. 3111111111116157-1791. Α.111111111111111 11111111 111 11111 1
1111. (11111., 111111 111 1111111 1111111111111118111, 3111111101. 11111 1
1111111111 111111, 1111 11111 111 1111111111 111111 11111111 1111111 ¹
ῢ11111, 111111 11 11111111111111111111 11111111 1111 1111111111 11111111. 1
1111181111 111 111111 111111111111111111111,111111 11111 111 1111111 ,
111 1111111,11111111111ι 1. 1111111111 111111111111. 11111 ι111111, 111 1
,11111111 11 11111111111111111111111111, 111 1111111111111111 1111 1
11111111111111111111111..1111111111111111111111111111111
1111 (11111. 111 111111 1111111111 Quaem 11. &ommam 11111111, 1
1111111111, &nubem 111ιῇ11111111, 111111111111 1111111. m. 111 1
11111 (111 11111111 111111 (6111111111 111 11111111 1111 111111 1111111111.-
&eine Duellen 1111111 1111 1111111111 111111111131111111. 11, 1111
1111111Θ111111111464),111111111111533), 111111111111
{induet 2. 111111 111616. 31111), 5111111111 11 (1114111111. Ι(151ζέ1·
(ὃτ- 11111111101115111111111111111111),’31111ι11”1115751,ε11111ῒ111111
1111111711· δε1·11111111111111 ῒ111111111111 11116111
111 † 1179 ,⁰ 3111111111ιὶ11 (11111589111111111111111111115951,
61111111 (1 1560) 1111111111 (1 1515), Quaeve (um 1580)
11111111. 111111. 1. 111111111111111 1111111111 11 111 11111111 111
(1111111, 311111, 1111111111, 111111 11 u. 1111111111. §Det
1111111, 1111 111111111111111111 (111 5 ,1111) 111 1161111111
111111. 1111111111. 11111 111 111111 1111111111, 11111111111111 ,1111 111
1111111111, 1111111, 1111111 111 1111111111 111 11111111111111111, 111
11111111 111 11111 11111111 &abina 111111111111111 111 1111111111
1111111 1111111111 1111111111 11111111111111111111111111 11 1111111111
1111111111111.”] 1111111111111111111111111 111 Breviarum 1111111

1111111111111111111 111 1111111111 111 111111111111111111111111111111

3111111111111 111 1111111111, 11 111 11111 416. 31111 111 1111111 (1111111, 111
111111 11961111 111 (111111111111111111 1111111111, 111 1111 1111111111
111111 11111111111111,111ἳ1111111 1111 1111111 1111 1111111111 111111. 1
1111111111111111111111116111111111111111111111, 111 111 1111111111 111 1
11111111 1111111111 11111 monumentis, 11111111111111111111111111111. 1
111 1111 111111111111111111 111 11111111 11111111, 111111111111 1111111111 1
111111 111 11111111 1111111111 11111111, 111111 M. 1111111111 Angelum, 1
Stmthiomontanum. 111 1111111111111111111, 111 11111111111111111111 1
111 8111111111 1. 1. 0.. 111111111111111111 (1111111111 Item, 111 Sap 1
plementum 1111 1111111111 111 1111111111 111 11111111131111111111.
111, 1111 1111111 111 1596. 11111, 111 1111 1111111111111 (111 1. 111111.)
111111 1591311111. (453 Θ.) 8111111111 1. 1. 0. 1⁵98! 111.

¹⁹> 11111111. ’11111111 11111111111111111111, 111111131111111111111111111

 

