11111111 1111111. 111111 1111111111111ἳ 111, 1151111, 11111111 1111 1111

111 3111111111111111,1111 1111 111 1111111111, 111 1111111111

11111111 1111111111. 111111111111111111111[1111111111 11 115. 1111111111 1
1111111111 1. 11111111 1111111.11111111111 (1111 111111 111111 11111111· ’
111 1111111 1159 111 ,111111 . 111111111111111111111· 111. 111
911111111111111191111.*111.-,11111 1111
1111111111111. 1111111111, 1971; 11.1.311111111111111111 1. 111111
111111. 11111111111111 111111 11111111 1117; 11. 1111111111111111111
1111111 111111111 1. 11111 111 11111. 1111)· 111. 1111611111 11111111 111
&tant 1. 1111 6111111111 11931 11. 1111ἒ11111 111111 1. 1111111111
1159· 111. 1. 111111 111 11111111. 1409 1. 11. - 11111 111111. 1111111111
ἓ111ὑ1111111111111111 31111 11. 111 1111111, 11111 1. &aba 111

1111.

⁵) 'chronicon 11111111111111 1-1516, 111111 111111 11111111 1111 1. 3. 1593),
1111111111, 111 1111111ῦ111111111 1491 111111. 1111, 111111 11111. 11111111. ’
1111111111, 111 11111111111111111111 1111111111, 1111111111111. 119 111
1. 11111111. 1111111111). 1. 1111111. 1111. ὓ1111111, 111111. 1. 1111111. 1111111111.

1. berun. 6111.

[111111111111111 1. 111111111έ6. lg 11111. 11111111111111 ,1111111111 incerti 1
111 1111111111 0111111111 111111 111.”, 111111118111111111 ,61111

1111111· 111. 111 &tte 13111111 1111 MT 111111 1. 111111111111111111.

111δὲ19131 1,11ὲ11ἱ1ῗ1θ1111ἓ111ὺ1111 11111111 1111ῆὶ11 Ι111ῃῶ111ί11ὲ1111ἰ111111511
Iani, 11111 111111 ι111111ιὲ ξυυῶἱοηὲῖἱη’1ἓὲ1ἓ1ιιιφ 111ῗῖαηῖ111ξο111ξὲῃὲ11ἰὲ1
§nnn 6111111111. 1. 11.’ 1 11116111111111111111111 1111111111
’111.111111111111111111, 111111 1111111111 {RQ
1111 11111111, 11 1111 1111111111 1111111 11111111111111, ampulas, 0111111
{affin 1111111111111111111111111111111111
nod> 11111111 11111, 111 11111111 111 1. 154511111111111111111111 1111
11111 1111. 949-191 1 11111111 [1111111 1 111. 1111 (1115111111111. 11111
1111111111 1.11111111111,111111111 mag 3111111111 111111. 1. 3111111611
1111111111 1. ὓ11111111., 11. 1111 1111111 111 1111911111, 111. 1111181111
111111 11111111111,11111111111111 111 11111111 1. 111.) 1. 1101-1111
ἔξω 111. 491 adv. 11. 111. 419 (111 9 Q) 1111 1111 1111111111 111.

11111. 1111.ξ1.1599. 1111111111 11111 1. 111. 499 111.-410 111
1111111111 11111111111111 1111111 111. 1. 1991-11507. 311111 1111111
1111 1111 1111111111111 1111111 1111111111 11111111 111. 111 11111111. Qu
ᾗ11111111.11ἷ1ι11ἑ11111111 11111 11ἓ111111111, 1ὧ1ἲ111ῦ1ἑ1 31ἓ11111111111 §bie
..111.111111111111 11111311111111 1111111111 115.
111111, 111 111ὲ11111. 111 111111111111111600-,16018111111111 1111
11111111 ..111111111911111111111111111111111111
11111111111111111. 1111111. 11111111 11111111111111 1 111111
11111111111,111111111111 11111111 1111111111 111 1111111ι
1111111111 1111111111. 611111111ι1111111.,1111 11111111 1111
111 11111111 1111111111 111ῗ11111, 111111111111111 111111111ῦ11 11111
11116-1116111111111111111611 1111111111 1111 1111111111
1. 1111. 11111111 1111111. 1 1111111131Ῡ111 1119. 111 111 1111111111
1111. 1. 61111111 6 18 1111121111. 1111 11111111 11. 111 11111
1611111. 1111111111 . 111. 111111), 11111111111191111111

 

