235

1111111611111111111111 1111 11111111 111 111111 (11111111, 11111
1111111111 11111. XIV. 11 11. 11111111 1111 111 11111111. 11111
1111111 11 11111111 111111111111111 111 1111111111 1111111 11111
111 11111)11111111111111111-1111111 1111111111111111111

111111 11111111] -.

ι7) 8111111111, 1111, (14 31111 1111 secretarius 1. 1111111, 111111 111111
1111111111 1111111, 1111. 1111111111. 11111 1. 11111111. 1111111. 1111111111
1611 111 11111111 16111111 111 1111111111111.111111; 1619 111 11111
111 61111111 1111111111 11 1111111111 1111111111 11111111, 11637 11
66. 3111. 111111 1111111111 1114. Q. 13. 1. 11111. 5. Q 166 ιι. 151).
,1111111111 1111111111 111 11111 11111 &utun 11 111111
1111, Quum} 111111111111111 1111 11111111 1111111 11111·
1111111111 1111111111, 1111111111 111 1111111111, 1111111 1111
111 1111 11111111111111111111111111,11111111 111111 1111111 1111111,
11111111 1111111, 1111 111111 11111111 1111111111. 111111 1111 1111 (11-
111111 1111111111 111 111111 1111111111111 1111111111
111111111111111111111111111111111111111111111111
111, 11 1 1111111 11111111111,11111 1111111111 1111111 11111111 11111
1111111111 111111, 111 111111 1111 11111111 11111. 1111111111 11111
1111 11111111 11111111, 11111 1111111111111111111111111 8111111111,
&aarum 11111116111111,11111 1111 11 1111111111, Q 31111 11111111
(11111, Anno 11. 11111111.κ 4. (110 Q u. 111111 111111). ,1111 111111
11111161111111111111111111111, 1111111111 1111311111
111, 1111111 1111 1111111111 11111111 11111111111111111111111111, 111
1111 1111111 31111 1111111111, (111111111111111111111, 1111
1111 811111111111111, 1111111111 111111 111 1111111111 311111 111111 1111
111111 1111111111111. 111111111111111111111111111111111111111
1111111111, 11 111 11111 1111111 1111 11111 311111 11111111 11111111.
1111111111111.. (111111111111131. 4. 11611. 1111111111111111.)
,1111 11111111111111111111111111 (1111111111, 1111111111
111 1111111111, 1111111111111111111111 Barnimi XI. 1111111111 1111
1111111111, 11111111 111 1111131111. 11111 11111111, 111 1111111111
111 111 11111 *1111111111 1111 1111111111, 1111111 111111111111111
1111111111111111111111111111111111111111,1111111111
1111111111 1111111111, 11 11111111 111 11111111 60. 311111 111111 1111111
111, 1111111111. 1111111111,111.” 111111. 11111111. 4. (111 Q
1. 1111111111.) 1111111111111111. 11. 111111. 1. 1111111111
111111 1. 11. 11111111. 111. (1.182-114.

[11. 11 1111111 1111111111111111. 11111111111111111
§tam 111111 111 111111 1111111111 1111111. 3. 161Ἥ11ῢ1ιιι11131ί1ἱ1τ111ι1
fficifffmffgnssletlte 11111110.[111ῑ1ὐ1ὶ111ι1ῑ1ᾶ11η11111ῑ1 Ξ,111111ξῖ(11111111, 111111

11111 1111111111111111111111 11111. 3. 1613, 111111 111111111111111

11. 11111 “ 11 1111111111 111111 1111 111 11111 11111111111111111111111
11111118111111111 111 111 1111111111, 11111111 1111 1111 111111. 111

1111. 111 1111111,11111 111 11111111 1111111 111 111 (1111111111 1111111
111116111111 1. 1111111111, 111111 1111 11111111111111111,1.11.

 

