73

111111 11111111 1111111, 1111 111 111111111111 1111111111 81111 1111
111111 mett 1111111111, 1111111111 111 1111111 11111. unp 1111111 1111111111Ι
11111 1111111111, 9111111111111 111 1111111111 6111111111 11111111, 111
1111 1111 1111111111 11111111111111. 1111111111. 1111. 1

111111111111111111111111111111131111111111111111111
’111111 111111 1111111111. 111111 1111111111 1. 1. 1111111111. Q. 99.
111.1111111111111116.11. 3111111139199. 3111111111 Q..140
1111 1111111111.. 111111111111111411111111ἕ111

1111111111111111.111.1ῐ.19. 111111ῶ1111111111111111111111111111·

1111311111, 111 11111 1111 1111111111 11111]

“’1811ι111μ,1’1.11.,.11ἓ111 1111111111111111111111011111111.1189), 81111

..1.“.1111.;..,1ζ.ἰ111.ἰ.1111111111111122ξὶ1111ῗὲ
1111111111161911111111111111911 111.1111111.111.111111111
1ffifflflQfflm

[11111611111111 111 1111111 113111111111111111 11 1111111111 111111
1111,11111111111111111111111111111111111.11111111

1111,1111111111111111111111111111(11.111]

911111111111111 1111111111.

11111111111111111 11111111111. 61111111 11111111 111111111ὓ11111.
181111111111111. 1111 1111111111 (1111111111 111 epten 1111111111
1111 111111111111111,1111111111 1. 11111 11111111. 111111111111111111.
31111111. 11111111111111 111 111 11111111111111111. 1111111111111111 ’
111111111111611111 1111111,1111111111111111111111111111111.
(11111 1111111 Qud). 1111111111 11111 11111111311111111 1111111111
1311111 11111 1111111111111111111 111111 11111111 11111 11 1111111 ιι. ιιτι
1111111111 1111111τί1111 1111111 11 11, 111 (11111181111111111 111 11111
1111111, 1111111111111111 111111111 111.

aalma 11111111111111 1111111111. 91111111 9111111111.

1111111111111111111191911111111.111111111111111111
1111111 11 111 ς1111111111. 111111111111111111111111 p. 1111111, 11111 1111111111
zabam 1111111111 ,111111111111111111111111111111011111111111111111ιιιιι“
11111111 11111 111111111111111111 111 31111111, 111 1111 1111111111
11111111.ιιοι.111111. 11. Wygants 1113111111111 1111111 111111111,
1111 menam 1111111111111111 11111111 1111 ,1111111111 111111111111 111.
11111111111111111111 (11111111. Fol. 990-161. „Tem pomeranie
quomodo subiecta 111 1111111111111111111111111111.“ (mabridpeinl. 111 111
111111 111111 111 11. 31111. 1111111, 1111 111111111111 1111111111, ιι. 1111
1111111 1111 11111111 1111111111 11111 111 11111111 1111111111 6111111111 ιι. 1111
1111111. ὓι111ς 111 11111111 111111 11111 1111111, 111111111111111111111
111 1111 11111. 1111111 1111111111.) 1111. 117. 119. ’,0111111 1111111-
1111111 111. 111 111111 superfluis 111111 decisa· 1. 1911-1991. 11. 1. Wy·
11111 1. 11111111 11111111) 11119 111 111111111111111111111111111

 

