111

⁸¹) 11111111, Pr. 1., (1111111111 11111111110111111111111-1.111111111·1
11111.11111)111.1.11. 18.θ1. 1835. 6. 97 111.

τι1) 3111111111, (11111, ΣΥΝΛΡΙΘΜΗΣῙΣ s. Euumontio quorundum pro-

digiorum 11 publioarum calamitatum, 11111 oo 1111 subsecuturae 1111111111.
(eviii.) 81111111914.1111111111111111111111111111111.511

61116111-111.

11111111 11 111111 1111111 1111111 111111. 1111111111 111 1111111111 11
11111 31111111111111 11111111111111111111111111111111111 111 111
111111,1111111111. 11 1111111 1111
1111111111111111 11111 31111 111131 111111 3111, 11111111 111 mnf..
bobo 111 io 11111 Θ11111 1111111111111111 1111111111 11111111
1111111111ὠ111111111111111111ξ1111111111Ἤ11111111111111;111

&onoc 11 111 11111111 11111111. 11111111 11111 1111111 1111111111 11

11111111111111Ξ1111ς1111111111111111ᾒ111111111111 1111111

1151111111 111 11 111 (1111111111ῗὶ 11..11.11. {ici 111111 (1111111111
1111111111111111111111111 11111111111·1·111.11ι 11ιὶ11111
1111111111 1111 111 111111 11111 111 111111 1111111 11111 11111111 1111
11111, 111 111 111 111 11111111111111111111111111111111 bolico, 1.
111111 111 11111 111111 11111111111111111 11111111111111111111111111
111111111111113111 1111111 111111 1 11111111 111111111111111 1111111-
11111 11111111111111111111 11111111 11 11111111111111 iiieitfioiiet
11Ι 111 finisti 11 111 11 1111111111 111 11 tego 1111 1111 Β1. 11 Θ1111
11111111111111111111111 1111111111 111 11111111,11111111111111111
111,11111111111 11. 1111111111 boot 11111111111111111,1111111111ιί
1111111111 1111111, 1111111111 fiber 1111111(611111111111111111111
1111111111111111111,111111111 1111111111 1111111111 11111111

111111111111111111111 11111111111111111111 111111 cingo
1111 1,111 111111 11111111 111 31111 1111111 1111]

ι-ι--ι--ια

Β. 81111111 (111111111111111.

’11111 111 1111111111113111111 1111111111 o. 1111111111 6111111111, ιιι·
1111111. Tacitus 11 1. Germania 10111111 Ptolomaeus 111. Goognph.
iibr.; 1111111111 1111 Pomponius uela (11. um 40 111111.) do situ
111111 Ρ111111 1. uelo (179 11. (111.) Historia uuiurul.; Lucanus
11111. 11111 Strabo (1111 60 1. (111.) 111 1111111 11111 1111 1111111111,
11111 1111 1111 111 1111111, 111 mon 11118111 111 11111111 1. mittini
nob 11111 111111 1. 1111111111 1111111 111 hemionium 111 11111111 111
ooo 111 1111111111. 1111..11111..111111,111111 111 1111111111 111
111111 111 1111 11111 1. 111 11111111 111 1111111111111 1111111111. &tob
111. 1133.

’1) 111111111111 sinuatio, (11111111 11 1111111111111, 11 1111111 111

- 7. 31111111 111111ιὶ11111. 11111111 1. 1111111111111111, 11111 11111111

111 11111111111111111111111 libri 1111111111. Bokkor. Boon. 1131.

(im 0111.81111111.1111111.Β1111111.) fflctssi (1111111111111111. uie

itbibito 1111111111. &.4.

1111111111 111111111ῢ11111 11 1111111111ὒ11111 b. 1. 111 11111
1111111111.(111.111,11]

 

