m

8414 0144144114. 363.

8444444 quomodo primo 1444444114
1. 84444144 361 [g.

84144144 314.

84144441, Vindem. 111144. 343. 410.

8414441144 (844. rer. Germ.) 47 14. 447.
(Epit. rer. 34414144141144144. 11.)
46. 447.

8414144 111141.11441141.)490. (Anu.
Padorborn.) 133-133. (144114-
14441.)113.

schedelius 67. 470.

Schedius 64. 366.

8411411414 366 [g. 333. 68.

8411414 334 fg·

0114411414. 11444144 747.

8411414444 431 [fl.

8411444333.

841145441316.

841144441414 314.

81143441614444411. 1114441140760.

(0144444) 360 fg.
6114111114 011444. (-1146) 371.

84144414144 334. 341.

841444114. Q. 84144414.
8414414164, 111414, 14443. 1111144. 1. 1.
841444 441 01441844144111441.
8414414414, Monam. 11444144. 371 14.

84144414 303.
8416414161 366.
84111344, 014. 17.
- 41 11444413(01414441444141366.
71. 1111414411. 314411. u. 1. 14.) 367.
8414444144. 0. 8414444144.
841444114413.
84144444 34.
8414444144 371.
8414411444, Ρ. 133.
8414414416. ,
801111 168-115. 61.
8414111, Chr. 17. 16.-
8414114431.
8411411444, 341. 63.
8414444144 166-173. 67. - 84111-
4144141’4 841444 361.

841444841441164 1444114) 306. 313.
(0414434441.) 171. (1144 34114444.)
13314. <Adnotatu 411 444 humor.)
143. (144144. 41811441444444114.)
386. 371.

8414411441443 333.

8414441444 306.

814441441τὶ4 309.

8144411411 361. - 814441161663.

841441414144, Η. v. 360.

8414414441, 11414, 3144111. 011111.
1. 1. 11414344111441444.

Scopas Vitae 014. 414. 313.

Scriptores histor. 4441141 471.

8414114144, Barth. 303.

- 141. Fr. 363. 314.

841416 36 fg.

8441446441 113.

84164114. 17. 306.

84114146 1114.

8444144144, 841441. 1444. 41 1114144.
444 fg.

8444441336.

84444444401444411144. Θ. Ρ14ι41111.

Sidonius Apollin. 371.

81141144 presbyt. 11144. 334 fg· 411 fg.
43. 819.

sigebertus (1444114416. 346. 110. 413.
360 fg.

sigfridus (14 1441414. Q hupida.

Jnh. Sigismund (11.1.814411111111) 14.

81144144 11414114 333.

8144444444, 044441. 366-370. 147.
303. 306. 374. 476.

Simonias 317.

&eft 466. - 1111144 84114 411. 463.

8414144141 141 301114. §tinge 117.

Summos, Oasp. 336 14.

- 1414 364.

Summarum, 844. rer. 81144144 173
-wwwnmm-m

1 spalatin (chron.) 417. (1114114414

144. 84444.) 333. (8141). 111141.)
ἱ661113112411441.1114111140414

 

