188

8111181111111111811111 8111111111 118111 811 11111111 111 11111111 bet·
11181111111118111111111, 8111 81111. 111111 811 8111111 11111 1111111111·
11111111 1111111111 11111 1111111 1111111111811111111111111881118 1118111111
1888118111 1111 18. 01111. 11111111 811111, 0111111111, 8811181113, 1111·
81111 1111111 auperti 11111111, 1111111111 11111 1111111111 3111111 8111111
8111 1111181111 u. 1 11 8118111 1111111111 11111111 [11111 8. 1111111111, 11111111,
11111811, 8111111111, 1111111111, 0111111111, 111 111, cloppenburg„ Wil-
8118111, 1111111111 111111 11111111111811 1118 Hpov. 11111 1111111111 1. 1111111
11111118 1811111181. 1111. 1111 8111111118 1111111111 ut. 8111511811 811
8111111111. 18181111 81 88111 p. 71 118. 011111111811 3 1111111111 3111.
11. p. 71 811 8 181111113111.; p. 73 811 81111111 3111. 118.811188111111;
. 7418111118. 8111811111· 18111 811 11111118 3111 tt. Warendo .; p. 78
18. 81111181 . 011111 ibid. 118. 1111811111. 011111 p. 78 811 1111111
113111. 118.111811181111.; . 78 11. 811 1111111 103111. tt. 8111111111
11 Alam p. 81 811 1111111 111. 11118 811 111111 4 1181111111 18. (iterna
1 pid.; p. 81 11. 811 1111111 11 3111.118.Ι,11(111118111111111; p. 88 811 8 3.
’.1 01111.1.11(111118111111.;18111. 118. 8111111111 p. 89 118.1111111111111; p. 90
118. 8111118111; p. 8011. 18. 8111181111111. 01111.; p. 81 8111111113111.
118. 1181111; p. 83 11. 811 1111111 13 3111. 118. 81111111111 p. 111 . 18.
8111111111 p. 101811 111111 8 3111. 118. 8111111111 p. 103 8111111111
3111 118. 0111111111111. 108 811 11111113. 118. 81111111 p. 114 811 1111111
31113. 118. 1111111111 p. 1188111111111 81113. 118. 0111 1181111 ,118
118. 1118111 11111181 p. 18711. 11111113. 118. 111111181111 Capti 46.)
,0181811111118111111111111.“ 11. 111 311111 numentum 11181
811 81811111811118811811811111 81111111. 1111111111 1. 1111 1 11116.
811111. ,11111111 1111111111; 8. 1111 w. ,01111011111111111111811111 con·
1111111 Ι11111 01111111 1811111111, 111 ι11111 1111111181 Ι1111111111111111111-
111811.111111111111111811111111181818ῑῖῗὲ
111 1811181118111 1111 81111 p. 188 1. 184 [811 18111111 10 31111· 811
0111181111111.111. 1811111118 118 8111. p. 181, 183 811 11111111 3111]
1. 168 1111 8. 11. 31111 1111 11111111 111, 118111 111111 111111111 811 1111
1111311111 1111 11116811811111 1118 811 1181111 811111 1. p. 188, 81
11,1181·11111111111111111111111’.1
11118111 1. 1 8111111 818 111 1811111118 11. (tanet, 11118 8111111 u.
1111111111, 111111 1111118 1111 1111111111. 18. 118111111111 811 1811; Cap. 11
(8 311111 ,1111111111111111111111111111111.1 1111111111 1811181118111
1111 8811111. 181 ,111 8111111111111); Gap. 13 11111111 18. 1811 „Do
1111181111ηεὶ 011111111 18111818118111..1)181181111 11. 1. 8181111
11181111 6118111 0118111111. tractus 111111ῐ11011111111.110111111 War-
burgensi„ 81111111. - §Dat 01111 111 1118 881118 Ρ111181111111.1)111-
111, p. 173-804111181111111. 111 8., 1111111111, 11. 111111 11 8111111111,
8111 1111 111 1181 1111111118 1111111 1111 1111111111111111,811.11111111 1811
111ιῖ111111 tpppgplattfienntft. ὕ1Η11118 811ἳξὲ1111ἐιε1 311111ι Sug 1111. p. gap
113111118 818 1118111111ῂῲ 018111.. 1111111111 1118181111) 178811 1188111111
3111. 11. 11111181111111101111111. 181111 81111111. 1111 811. p. 178 811
1111111 41113111. 1., 118181111111111 811 1111111111 13111, 811 31111181
811 111 8111 1111111.1111111118111.); 01 . 1111111 1111811 ,111 comitatu
Bouthomico“ (1118 11811188111111111111. 0111111111. p. 801-818 1111·
1111118111,1111111 1111111 1811111111 11111111111181111. 8111118 811 1. 11811811.
b. Stang. 111 818 1118113 1111111 3111. 111818111111111 118 811. .305;
Schnttorpia 118 881. ibid. 111 1111111 3111. tt. Schuttorp.‚ mit 11111111
111111 818 111811111; 8111811111 11118 881. p. 81618111811. 11. 811111-

11111101111. 1811111118 1118881. 1180811 011118 11611 ,111 comitatu

 

