111

11111 1111111 1111111111 111 111111111611111 111 111111 1111111111,
111111 11111 (1111111111111, (111111111111, 1111111111, 6111111111, Galatea ξ
111 111111111111111111111. 11111111 11111 ῧ11111111111111111 mit
1111111 1111111 11 11111 1811111 1111111111 1111111111 1111111 11111111111111 ’
1111111111 11111 1111 11111 1111111111 31111111 1111 111111111111111111111
11111 (1111111111 11 111 11111011. 1111 11111111, 1111 111111 1111111111,
111111Θ111111 111 1111111111 1111111111111111111111 1111111111, 11
1111111111111111111111111,11111111. (1564.) lutet· (1592.) 811

1111111141 1111101-11161 ,1111 tem 1111111111 11111

1 111111 11111 1111111111 11 ῦ1111 11111111, 1111 1111111 11 11 1111111 ,
ΙῘ1111181111 gamalam 1 11111111111111111111. (1111111111 111 11111 ¹
1111 11111 111111. 111111111111111

¹²⁷) 1111111111, 111, Chronica, 1.1. 1111111111 11111111111111 (11111111 I

111 1111111111 11111111, 1111111111 1..1111111111,11 111 1111111 111111
1111111111 1111111111, 111 111111111111111111111, 11111 1. 1111111 &tantm
111 11111111 11111 1111111111113111 11111111111. 1111111111 11111 u. 1. 111
1111111111 1111111 11111111 11111111. 1111111111. 111 Sol). 1111111111.
1564. 4. 1111111111 1 1. θ. p. 298.

1111111 1111 111111 1111111111 1111 11111111.)

1101111111, Dav. , († 1600) chronicon Saxoniaa et vicinarum aliquot Gan·

tium: ab Δ. Chr. 1500 usqua 11111111111 Lipa. 1593. 111 ibid. 1199. 111.
Edit. 111. (-1611.) ibid. 1611. 111. 1111. Stravit Bibl. Saxon. 11288-294.
aMQQ
131 1111. 1. Θ. 11-16. (Edit. 1.) Borussia 1. 111. 111111. 1111 1111111
11111 111111.,11111 11111 111111 (1111111111 111 Danant 11111. -1130;
111111111ιῦ 111 bfflefissdss‘g ffifiss‘mgmfss ιζ 1191111111 111 111111ἓῶ1 111
131 ῖς1111111111. 1111 θ1111ῗ1111ὼ12. 111. 111ι umffianltuffffiflmffdlss
11111111111111; 111. 21. 1. 11]

¹⁸⁹) 1111111, 1111111, 11 Urs. Durand‚ Vetat. scriptor. amplissima collectio.

11. 1111 Ξ. 11. 111. 112.) 111. 11. (alaier 111 a. 11111111 1. 11 1. 111 111
1111111194.)

¹³⁰) Dascn'ptio civitatum at regionum ad septentrionalem plagam Danubii,
11 Booaek's God. diplomatic. lloraviaa 1111. 1. p. 61. Nr. 93, 11 baaz ³
111111 1111111 1. 1111111111. 011111. 1827. ὦ. 281. 11149. 1. 93. aa 11 1
ῦ.)1.1.11111111’1 11111111 histor. Brandanb. Θ. 100. aetat. 111111» '
111111, 111111111111111111111 111. 3. Ε. 290. 1111111111 1111111111
1111. 1931. 14.) Q 23.

[11111111111111111 1111111111 attat 1111111111 1111111111111111111
1111111111 111 11111 111111994,111 1111111111. 111194 1111111111]

111111111111111111 11111111111111111 111111

111111111111111111111111111. 11111111111111111111111111(1111111111)
(1111111111, 1111111111 1111 111 {tutte 111 12. 3111111111, 11111 11111
111111 111 111 11111111111111111 111111111111111111111 111 11111 tanat

 

