31

[111 111. 1111111111 11 8111111111 111 11111 1111111111 ,111111 11 111
11111111311111 11111111111111111.ξ111111 111 11 ,1191
(11.1. ,11111 1. β 1-«13. 1111 (1111111111 1111111. 1111111111). 1111. 111
111111 311111 11 111 11111. 11111111 Ι. 1. 11 11111111 1111111111 11111 111·
1111111 111. 2. 1. Ε. 44-191. 111 (11111. 111 1111111 11111111. 1111111111·
1111111 1111ἓ111111181111111 (111-84), 111 1111111111. (Q 84⁸-1 01,
1111111111( . 131-1811 1. 11111 1111111. 11111111 111163-1911111111
11111111111111111111,111.1111
111-1111111. 11111.1111111111
111111111111111111111111111
ξῖῗέᾗῖξξῖ111111111111ἓξὲξῖἐῖῖῒῖῐὲἓοεῖῗζεᾶθὲἒιήἒ1111151111
111111111111111111111111ἶὲ 1581111111
11111111111111111111111111111
humabunt. munds usque ad 11 1100. Ι(31111. 1111111), &pungens
33? 11111111111111 111151111111111111111111ἔέ11ἒὲἓῖ
111, 111 111 1111111111ἰὲ1 1111111111. 111111111 (111111. 111ῡέ111111
11. 13817111 1 1 1111111111111 11111 111111. Aug. 11111.ι . 181,
111 11111111 1111111111 11111111.Ι Α. 11111 111 1111 3. 13118 ,111 1111 91.
112111111111111111111 111111111111119111111.11111
1181ἑῖ111 1η1θ118111131111111ξ118ῐ1011Ιῗηὲἀ3161ῃ 11811ῗ11111111ι 1111111111(ῗέοέ
1111111111111111111113111111111111111111111111
1111111111111111111111111.(11111111111 111 11111 1111111111,
1111111111, 1111111111. ξ11111,11111111 11111111 1. 1111111111, 111
1111111111 111ἓέ111111111111111111131111111111111
111 1111111111 1111 1111 111 1111111111111 1111111111. 11111111 11111 111ς
11111111·11111111,11111111111111111111111 11115111
1111111. 11111 1111 (1111111111, 1111 11. 11111 &nuptum 6111111 1.
11111 1111111111, 111111111111, 111111 11 11111 111 1111111 111 1111111111
1111111111111111111 1111111111111111111111111111111
1111 1111 11111 111111, 11111111 11, 1111111 11111111 1111111111, 1111
11111111( 111 1111111111 (11 1111111111, 111 1111 ,11111111 1111 111111
(1111 111 11111111 1111 111111. 1111111111 1111111 11111 (1111 111 Qudne
111 11111111 111 11111111111111111111 (111111111111 111 11111111,
111 11111111 1111 111 1. 1111111111, 111 1111111 1111111111, 11 1111
111111 11, {ab bdfe 1111111111111 (1111111111 11111111 11 11111111111111

1111111. 11111111 {g 111 11 1111 1 111111 111 11111 1111111111 1111111111,

1111111111111 11111111 111 111, 1111 1161111111111111111111.
&iuti 111111 1111111111 1111111111. 1111111111 11111 111 1111111111
11111 1111 111111 (1111111 1111 1111111111111 1111111111,1111111111111
11111,1111111111111 11111. u· 111111111111111. - Α. 1111 1111 11 111111
111111 111111111111111111,11 (11111111 111 1111 (1111111111 111 11111
11111111 1111111111 1.(11111111111111. 81 111111111111111111·

 

