461

1111111111ξ111111111111111, 11111111, 1111111 1111111111
1111111111. 111111111111111-1111111111111111]

ιι) 2309, 1111111ῃῇ1111. 111111. 1191-16.

[18111 Qt. 1: 1111111 11111111111111111111111111111 11 11. 3111111111.
1111111111 111 Werner Rolewink's Tractat. 111 Wostpbalorum situ,
moribus, 1111111, laudibus). Q 1-1. 11111111 1111511111 111 111111
fflicbte 1111111. 1. 1111311111111111 (111 §euti 1 1111111111 111 1.

n. Hfixarienso 1111111111, 911111.- 111111 11111111 111. 111
1111111111 11111111 111 moneto 111111 1. 1111111111111111111 11111 w·
1111 1111 1147). Q 34-38. -11111 8111111111 (1111111111111111111111
1111 11111111 111111111111111111111 1111111 1111111. Qt. 1ο. Q 77.
1111111111, 111111. 11. (11711111111111111111 11111111 1. 1111
tete 1. 111-1111. t. 11 (11411111 1 ,11-11). 11 (Qum,
1111111111111..1111111111111111111111111
1111131111.ὲ-11111111111111111111111111111111111 11.
1117111111 11 1111111111 111 1111111111 (111111 111 (1111, 111111. 111
111111 111 11111111 11111111 11 111111ξ111111111111, 111 1. 1111111111
111111111113111111111111,1111111 111111111111111
11111111.. Qt. 17. Q 99 fg. 1111 1111111111111111111111 111
61111 1111111 11 1181111111. (11111111111111111111111111.
111 1111111111 11111111). 1111. Q 91-93. Qt. 11. Q 99 -10³.
1111111111 111 1111111111 (1111111111 (1111111111, 1111111111
111 11. 3111111111.)1111111111111. 1191-1493 (1111111111 11111111
11111111, 111 111 11 111 ,1111 1111111. 11111 Q 1111111111.1.ὓ.
Q 131. §Die 1111111111, 1111111111, 11 1. 11 111. 1. 1191-99 111
1111, 11111111 111 1. 3. 1491 1111111111 fib. 111 111111 1111111111, 111
111111 11111111 1111111111111111111 u. 111 1111111 111111111 11111 11

111 8111111111 111 1. 3. 1492 11. 111 ἱ111111111111 1. 11111 111111 't

111 1111111111· 1111131193 111. 111 11111 1111111 111 811111111111.
111 1111111111111111111 1111111111). 6190 (Q 11), Qt. 11 (Q 5).
1111111111111111111111111111111111111111111
11111111 11111111 111 11111 1111111111 11 ς1111111111 111 11131111
11111611. ,91 6111) 111111)111111111113.1119(111
1111111111.1111111111 1111111111. 1111. 1111111111
111111111111111111* 1111111111ἓί [1111111111
111111ιῐ1ῑ11111η111ῧ1111131111111 1111111111111 11111 Ὗ, 1111111111
111 111111111111111111, 1. 11111111 11111)1111ἓ17ξ1-11718ξ11ὲέ11ἑ118115·
P-ztsstssfm 1111ιῦ111111116113141((ξ1161ῐ1118111115111(411136),1 111 111111
1111. ,11 111111.1111111111
11111 11 111111111111111111111 [-1640] (11111111111111111111111111111-
ligionis ibidem? 1111. 6111111 IV, 17, p. 696 fpg. 72st 111111. 111
1111111111111111111 1111111111111 111 1100 11 amn„ 111-111117
-119111111 11111111). 111. 311111-111, 11111. 11-111), 11
1111711.111111111111111·11111.1“1.111.1““
111 11111111111111111111111 1111111.) 1111111111 11111 11111 11
1. 3111111 1. 1111 111 11 1111111111. 111111. 1991-11116.) 61 19
(61611), 39 (Q 11-1). 1111 (1111111, 111 1111111111111111

 

