911

1911 nn 89999. 9919 9999991999. 9199999119, 199199 99191999
ἳ991199199919999 99. - 11119 9199 9999999999 9199911999 1199 999 999
99999999999999 9. S. 1979, 9999 9999 9999191199 999 9999 991999
19991111, 9999 99 199999 9999 9999999991 1999999111). ὅ. 911-999, 9.
99911111 9. 1911 . 99.111111111.9.99.1.1999);11999 9
999 999 99911 9999919999999999. 9. 9. 3. 1399, 99. (9111 91999
91919191 1.· 99191911191111111 91191191, 911111,
999999191199199919999911999 9999 9. 3911999999 999 9999999·
99911199 991 19199199 9919 99 (999119. 91999199ς 999119, 919
Brit 91999-1991 9991911999 n 9 99991999999999119. nbflebtudt3
999 919, nod) 99991999.,199911111. 199199.-991.,9.1991-1949, 99999
9911 91919919. 91991 999911999911 , 1999999, 9999 9999991119 919 999
99119, 9999 1999119999 9919911999991 Θ. 1-44.199-197. (gn 9. 999191.
18991. 9. 9991199919991199 999 9199 99199. 19 991, 119. 9999991191. 719,
unt 9. 9999199119 ,991119999119999999619919911999991999
999 1909.” 1991 119 (9919991 999 99999 Annalibus 119119 11. 1919 11999
ennato ,991999119111 39991911899999999 (1149119974
-1991 ,leo-182 919199 9999919919 9989). 991
99911999 ῧ199199 999999 9. 1499 (ub. 919 91919911 9. 91111999 999
9991191. ὓῐ9999 19 19 911 ,999 999 ὓ999199119 99999 919 99111199 99
991199-1199999 1191991 99999 9999199 999, 99991 1919999999 9911
212⁰ 91199199 9. 9991999999 9. 919999999ῇ99999 919 9911199 9999999999
99999999919999. 99991, 119999
199 99999999199911919, 19 919 3991 999 1990 9999919, 999
9991 Monachus Pinnensin 9. Mencken, Ser. ror. Saxon. Tom. 11.
9911997 199. 9111199991. 9. nb. 99919. Pet 91991, 999 19999199
1999999999 99 1111999, 1199999 1199999 9. 99119999 [991. 991.
,39 111999 9119199999 1919 6999119999 9119999199 91919

111991199999 999

9991. 91991919 9. ὓ99919 199 99. l. & 199-151] 1999 1490-1999 919
wne 991199489999999. 991 19 91919991.119999999919999999, 9919911.

99919. 9. 1999919199199 9. 991. 9. &ebt 91919 919919, 919 99
991 9199, 199 et 911 9199999 119999, 9999 19999119 999 9999911 1999 11119
1991 99999 91999999 19199 999 999199191999119999. &eme 919999 99199 999
9111111111191119111911111* W 9111191911ἶέ 9191·
919 99. 919. 2. 9. 18. 9. 9199191999 1999199199 Nr. 979. 6. 941. -
999 9199 911991191119 999999 9919191919 919. 91913999 9. 11199999
199119 9999919999 artua.) Θ. 999-397. 199 u: 9999199 (9919919999
999 9. 3999999 Θ. 999-997. 1119111111. (n. 11. 919111. 1844J: Qum
991ἰ9999Ι999974959999ι9ἱ99ἐξῆ19τέ19979999999ᾗὸ9911999991ε9
9819111959ῗ99ῒ19. 19919119 99999991, 199 992191921999...9998919191999191
99991 9. 169448991990-1991 9.9.1994-1699; 999 9199 9919919919
199 11999999 1199 999 9999 3999911194 9. 99 9. 99199199 99999 999

9919991199 999 919199 91911999 91999 919999199119. &tante [99999 9. 9.] 9.

mlnnb [nitnnst. 91999) 9ὼ9ῐ99-994ὼ9999 991νῇ69. 1939-1999
91119119.1119119919, 9ἓέ 911 ,1919111111
99999999 999 99911999 999999, 199 3. 1399. (911919 91999999
9999 r} 919 9919991199919119, 9919 19 19999 391199 9199 999919 91 999
999 999999 91999 61991 9999999999 99999. - 9919999999 11 9199
11999919999916. 295-300. 99119999, 9999911 999 99919, 9999
9199999199 99 9991991999 999199991999 691999, 19 119) 999 99919 9. 19
999 9999999999 9199999 9999199999, 999 1949 9191793 9919191 999999

 

