111111110101101.(03101.11111111.) 31311111 1 11011111 0111111101. 0111.
56. 391. 343. 433. (chron. 3111101. Tanton. 73. 611 3110101111.
1111111111111.)61.(011101. wirziburg.)

110111. 111 3·

11111611, Sam. 931 11. 1111110101,1111110,449.

1111111111 31111111 145. -· 01011 (101. Minnio.) 409 11.

h. Elisabeth 366. 363. (origg. illustriss. Stirp. 31101.)

111111, 111111. 1., 0111. 0111. 1013 41011.

53711. - Jacob (31101. illustrata) 410.
3111111101 303. (1110111111. 11111. 131. memo·
nmo 443. 11311. 111.) 413.

131111310013, 3011. 911-913, 165. - ’1131513103

- 101110. - 3301115.

31111311111 (0310110.) 353. 456. 001- 13101111ῐοὶ1 373.

111111. 69. 451. (01110113110111111. Fasti corbeienses (1. 31111. 001011·

01113) 393. 493 11. 011. ebs-114⁸) 335.

1111111111. ὅ. Angelus. 1111101, 1101. 11111. 71. 340. 450.

3111113011, 1111111. 1. 433. 113311 11311101 93 13·

31111611. ὅ. 1111111. 11111111. 1310111111, lare. 313.

3111111111, 00111. 1. Q 00311111. 1311131111339.

11111113 97 fg. 376. 11111111 979. - Hier. 11. 313.

3031111 1111111 4³1. 1113111 933 (1. 939.

1111301111 1111011111 1111111 3. 1. Ka· 1118011013 0106633111 386.
1101101111. 30111111. 1101011101 54.

Epko 1111313111 36. 339. Florus, Ann- 471.

3111110011.(1111111.0011111011.7 3511131011, 3131111111111. 13131.

Ε11111111 339. 363-363. 437.

Ε1111110111 Sophia 46. 3011311111 13.

1111111011001113111613111. 33911. 377, Fortunatus, Venant. ((11 11101111οΤ111-

(Etffitrbiidye 0101110111. 10. (-1544) 1111.)330(11113.1116111111.11111.)
1111. 111.

(81111τῇ1111 &walde u, 1 m, (459⁰) anmenta 00103139319 370.
424-428, - 0111011101 30111111111111111 (3.1.

(3111111010111001) 1013111111. 1111311113 214·
374. 494. - 111. Ρο1111111. 01110111. (b. 1. 111-

Erphurdianus Antiquitatt. Variloq. 3911130111) ²14·
493, 66. 311, 457, 1101111111. 151. 309. 399.

Ε131111111,Ετ111.436. 11111011 1. 370111. 179.
sturae (3110111011 bet 00111111ῐῇ111 111111. ffich· 309-
3111111. 13131113 10111, Θ. Rani„ Frankenborg, 100311. 1. 333.
1101111011999 (1. 333. 311110 563.
1131111101 513. 1110113011 317.
1110111111 vet. 8111113. 357. 3113111911 1113161111· b· 6111111113)

&tract 1 6101111011111101. ⁴⁶⁶ 11·
3111 11611. 1116111101 360. 70. 66. 133.

33

 

