 

221

77757777. 77777. 777· 777
Ξ881881811ῗ1818851181811811111818186118881881118883818187888[68111181881181818888118181
6186111861 Ῐ1818188181. 8688818188 181. 8888181818811885 ,8878786 878880. 8886181888 8818181188
7771 11777 8177 7 777· ⁹5? ...7 8781871711ώέ 5¹5². 71711
1,· 7 7 77777171771 77
11177777 777 777 717171177777751
Ξ71818884-18888588887. 8868 81181818 8881111111 8688788781881888881888181881181 6181818188·
11115 11111111111111111481. 5138611115. ῦ1111511,1111117111.
Β7187117111 77177177777117.171175787777 8811177
818811151111131111111.1111111(1111111111111111 17. 6. 131187]-
611 611111111151111.ῦ11111111 11.1.111111111811111.8,1111 1111 6111

11111

61111111. 1464611111·116111111 1161111111. 511 1118115111, 1111ῃῐ111115ῐ

868[88181888888681881818818848184888858.8878188868818778758.8 18188811811818 68118188188848118
591, 6. 111. 611751111851. 111111111118185, 348 88.6 81918] 6, 117-194,
,777777777777777,7771171771717
619915. 8111111151111111. 7811111. 6. 6111111115 118111 11111
11111 1481818, 6 101 81111151 6117111111 1, 6111111 5113.
..704 3117111161111115 11414101. 1111, 51114.,.304-701
6181151111 611115 51111111 1491. {3⁰8 110. 6 108, 1111 11711 3111111111
525.- 776771771117177 77711177177171711 77311711·
1. 8111111115, 111, 6 118 15. 61111111111115111111, 11116811 1118·
81811111, 61115111111111, 811111 1111 61111111 5113 6. 119-311. 611
11111118151111,16111111111511.615111. 1 61111111. ἃ5. 1111111115
1111, 5113, 6.-311 130. 6.1111118111111111; 1511111111111111
6,1,37 (11.11111111111 1615 1711 111 1111111 1115..115 33185]
6.191-331,)6,108-111.- 3885 1111111111161111611
6111111611161111111161111111,1161111111111118611111111
111111111111111, 611 111 111 61511111 Χ. 11 11555111Ιξ1ἓ11
717771117177111717717717771717 7777711771Ξῖ
11111 71-7. 6.141-141; 6111111111.1117-11111 ξ1-8178Μ6 141
-771777777777777,7777717757 777
111115 11 61115711 1118-11917 5. 34. 31. 5. 381- 318 7111111 XII.
8-881878-68888148448198-81187118181118878817881848888884038778[78188181778ὲ887811818118188
1111119. 51. 6. 341. 6111111151. 5. 61118581 ,1111111154 84415,
7717777117. 7777777777771777771
18111. 611117 6111111111115 6.36881815,.,611111111111111185 5. 384.
6,8115115811.6.370-371.111111511118511,3115111111.11711·
11111118188111111 6111111111111 5. 11. 6. 837,3-375 5, 33 6. 301. 61115·
1111131111511 1161111111 611111517637315.1111111181,
11151111. 61711118118111111510. 6371-311. 311111 511. 6111111 1.

 

