299

111111, 1110111110, 1110111110011011110011101111011010111111111011·
010111111111111110 110 900 301110 001111 1111111111 1011 111 10 111101
110· 1111011011111103111101111113011611. 1010011 ,1111111
111 111011111111110110. 1. m! ῧ111011 ,1111 11011111 111110 110111 111
111001111111110 900 110111 0011 10111111 1011115010011111111111110 0111101
111 01111 101111 001111111111111 Fiebing 101 1101111 1110111111). {Dav
001 10111 1101 11110011. 0111 1. 11011 „Praelatio Dicturus de violentie 11
oppressione, qua 1111111111 monasterium 8111011110 1011111010 011011101-
tudine civium Brandenburgiei 010111111110111111110111 (anne 1556>ss (ῧ111011
„quid iniquius postulaverit nihil ipsum 1110101010.“).-(110111 1111110
001 111111 1011011 (1111011101111111011 1101111110 11011 &le
1111011111 10111 61111100 1111111011. 1113.) 6., 110 111. 010101100001
1111001111011 111 0. 11τέ1111110 (1119.) Q 601-704. 110011 01011 111
11110. 0011 1101111111 10 1. 11111111111111111150100. 3111111100. 1791.
i’ieb. 101 1111111111 111 1111101111 10 111 11111011110111 1611001010
10011 111 1130111001. 0111111111 0. 11111101 11010011 1111 11111 Seii 01110
11100110. 1011111111111111.11111001. 11111010111111011.10110 .
Θ. 18) 11001111. 111 (11110. 111 60101. illicinae 1111111011 11111011,
,11111111 111111 1111 (1111011 010 60110 ldiritb.l

’1.6110111011111110111010111111111ῶ10111101110.1111110111111
Acta 0110101111,10111110 0111111111 00111 11010111111111111111111 silesiae ·
1111111 1011110.1 1 11101111 1101111111 10111.,10011111111. 1011. 11011
1111111111. 1111111100. ligi. Stenzel'e 110111. libror. 1011101.111101.81111.
11001001, 1001011101. bibl. eoadem. Vntiel. 1111. pag. 10. 1. (lod. XX.
- 11111101 1111 1111111111111111111100101111 1111011 10 1110,
001 11110 111111100011111100111111. 1110 0. 111 11101110. 1119. 6141111.
1111111011111111111111110. ,11111111 - 11111 11 0011-1110111101. 140.
011 1. 11011111111111. 1.11111100,1111 111 1. 3. 1111 0. 111101 10 11010011
111111 30111001. 111101110 1110. 1111 01111111 111111110111 111 11111111
111, 110111 110110 0111111101110100 1111111011011111, 001111 1111
110011010101 1111110, 00111 110 00111010 11οο0111010 001111111011 0111
30111 11111011 . .. 11111111101111 111111 111110. 1111111 10 1011111110
1111111101 111111111111111101111 1118111110111111115110111011, 0111111111
11111 (111011001ι1111111110. 0111111111011100110101 61011110. &linis 0.
1011100110. &le 10111111 111110 011111011111111111110 11111 10111111
&inite 0. 111110001111110111110 001 11011101 31111, 1111111 110 1101111111
iiiii 1110 1101 11110 0. 1111110 0011111 1111111110 11110.

Β. 1111011 111111111111111.

11101111 0. 1111111111 (111011111111 11111111011111111113111). 111111.
1100 ge, 11011110 111110τί001. 111. 81011. (1.1. 1. 1. p. 1-3.

1110111 11. 0111011. 01. 01). - 111 elane. 1000οω (i. 011. 0111).
- ²⁸) 110111. meu 11. 1110 6. 47. Nr. 61). - ω1111010 Ρ101111111ω
1001 1. 2. 1111111 111 1101110111.) denuo 10110111, 1010111111 0001

 

