603

11111111 16. 1111111111 (1. 1. 81. 1. 1111·
1111111 111. , 1111. 1111111.) 166. 173. 111.
1111111111ῃί (1117111. 111. 10. Fontanus 161. 371.

G. Plinius 1111. 17. 111. 1111111401 11.

111111, 111. 11 111. 117. 11111111, 11111. 31.

Poeta Suo 411. 311. Presbyter Β11111111110.11.113.111.

1³01, 1111. 191-117. 313. - 1111111111411.

Polo, Paul 111 fg. 111111111- 1111 1111 11111111. 111111.

1111 111111. 11111. 1. mette 1. 111. (1. 1. 1. 311111111111111.) 71.
81111111. 1111117011. -11111111111101111111111.(111

polheim, 7711111111 149. 1111-1111) 117 fg. - 1111 111

11111, 11111111. de. 1. 1111111111. 111111 11 1111111111 1111111 11111111

Polydamas 101. 111 (1. 1. 1111111111) 711- Du

Ρο1111111101111, 1. &afficto 63. 311. grosse 11111 111111111111111 111.
(1111111. 111111.) 311111. 71.

1111 1111111111111111 (1.1. 1. 111. 1111111111 111. 114.
1111111111111111111111 11. 111 1111111111 (11111.1.1.ὓ1111111111.
111111111111111111117-107, v. Pr.) 11.

1111111111,11111111111111111111111. Probus, 11111. 41.
(1.1.1..11111111.1111111.)165. 111. Procopius 171. 175. 711. 111.
1⁸⁹· 7. 11111111 317.

9111011117 111111· 1· 9111111111 1111111111111. 1111111. Θ. m.
901-103· 3111111111 ,

11111111 descriptio 1⁷³· 174. - 11. Ptolomeus 11. 111. 111. 111. 111.
11111111111111(11111.11111.611111 171.

1111. ῧ.8111111111111111111. 11111111 117.

-111111111, 1. 1111111111. 111111 1111111111 11111. Θ. 1111111111 111

11 1111111111 374. - 1111 (1111111 11111.

111111111116111111 111 1111161111 11111111 b. Dobn. 101 11. 311. 111.

1111 ‘mmm ¹¹· Ῑ· 11- 1⁶⁶· 1. 111111. 101. - 1111111111. 311.
1111111111 1111111 (1111111111, (1111·

11111) 1. 1. 1. 1111111. 111111· Q·

11111· ὒ111111111111 (11111. 111-111.

- (111111111111111111111111111 111111111111111.113-411.

111 1. 1111111111 (1. 1. 8111· 1111111111111111111111111111111111
11111111 (111111.) 11111. 367.
- 11111. 111111111111 1. 11111.
1.1111.1.1111111111(1.1.1111- ffi-
11111111) 169 11. 1111111111111.6.1’111111111111111.

- 1111111111 1. 1. 11. 11 111111. 1111111111 111 11.

1711111111111111111111 ludowicus 161. 111. 100. 117.
17. 1. 11. 111111 174 fg.

-· 11111111 1. 1. 1. 1111111111· nanis 711.

11111111. 1111111111 171 (11111. 1. R). 177.

W 111111 1111. 1. 1111111111 1. 111111 111-111. 311.

 

