611

11. noni-‘2008 1. 1001 11. 111111 werhen Το101011.11111 ,100611.” 111110.
- Θ. 'ii-78. 1111. 0. (Eine 1101111111. 1111111101. 011101000111110111110
1. 1111010100110111010101101 Beneficiorum 1. 101 0111 1. 101 1111111111
6111011. 0111. n. 1110-1000. iane-1545) in 101, 04 1., 1111 1. 1111111111.
,100010011011111 01110111 101110. 111011 111110001οη 11111111 1111
11111ῡ11111111111 &nmini (10111111. 11 101. 111. 901 1. 1111111011. 111 ii.
3001111110111111 1110101011 1. 11111111. - Q 01, 1101 11111 10111111111111
11111 8110111111 1011111 nuti> 11110111 1101 0111 1111110110101110101
111111) 11111111. 1111. 3110111110 1111111111 011. ii. 11011111 11 1111111111
0111011111 1, 101. - 0. 01. 01. n. 111. 1111111. 101. 0. 1. 101. 1011.
- ὃ. 111. 1. 11101. 3. 4. 11. 11111 1. 11111. - 6. 140. 111111 ,1111 (111
1111111111. u. 1. iii-¹¹ 1. 11. 1). 46 11. 1. Θ. 46 11. - Θ. iiii 11. 1111111111
1111111111101110011, 1100111111, 11100 10000 ii.. 11111111 1111111111 11110111
111111011111111. 6111111110 0111111111. ·- Θ. 110. 1. Nn. 100. 111111 1101011111.
01111011. 010. 1111111111 01111 111 Βο01011’0 Gnd. diplomat. 11011110. 11. 1.
p. 07. 111. 93. - ὕ. 110. Nr. 4. 3. 1. 1. 111111. 11111. 5.- Q. 1119.
Nn. 0. 3. 11. 11. (1111111111 1. 1111111111. - Θ. 101. 111. 11. 1111011111111
11111 101 3111111111 111 1. 1. 1100110111. 1101011. 0111111 1101111010 11111
11110111111111. Α. 1101101110 (recherches gingrnphiqnes 01 0111111100 0111
10111101 110 11100001001110 101100 composi«. 01111011101011111111. Paris.
1014. Q 1111 1111110 10 111 11110111 111 5. 30111111, (11001011 de
11011000 (01111111100110110 0 111 0101101100. Genua. 1001. 11. Θ. 144) 11
1111111 1. 111111, Βο11101 111111 111 1111111 111 1. 30111, 801110 61011
0111111 111110 110111.. 11110110 11111111 110 11015, 111111. 11011101
0601010, 111101 1111111 101 1. 1. itinerarium Antonini 1111111111. 111011
1111 (1011110 Ρο01111011000011. 0. 11011011. Lips. 1114. 4. 1161111111οτ
111 1. 1111111 111 110111. 1111 111 (1111111111110111311111011, 111 1111011 (1.1
1111110111 1111 1111101111111011 1001 11011111111111 1111111111 111 0. 3011·
11111. 01111111 1111111111 11111111 1011111111, 1011 111 111111111111111 0010
1110111101111110111111111,01ιο 1111111110111110 11111110 11011011. (inin
1111111011 0110111, 111 0011 1110111 1011 1111111111 111111 1111 111111 descriptio
01110 intratum 1111111111, 1111 1011111.11011110111111111011110, 101 1111110
1111111 0011 Chr. n., 114 0. 0. 10111, 0. 1011 111111 111 1. 1. cosmographia
10111101 111011 111111 111 01001101110011110011111 (10111011101111111 01111110
011111111111 1111111 111111611111110111 11101111 111, 10111111 1111111111 und>
111101111011111111 11101111 1011. neti, 111111111111110111111111111
111111 111111010111. 1011011011 1101111111 411 1. 411 111 11111 1110111 11011111
10111010 &iiiiii 011 111 1111111 1101101111 1101111111, 111 1111111111 11111
1011, 1. 11001 11111 001 1101 11111 111 6. 110111, 11111111101111 11111111.
uun> 1111111111 6111111 111 0011101011 mii 111110111111. 110111 1. 111111
1111111110 11111111 (1111001110111111011100. 1. itinerarium Antonini. 11111111
10111 11 111 1111001110 111 1011. 111 1111111111111111111 111 11 01011 0111οι
1111110 1111110111 1111111111, 001 111111 101010 1011110111ηο 1111 11011111
11111 111. ‘iiie cosmographia 110 Antii. 1111111 11111110 0110 1 1011111111
&tinient 1111111111111111 11111111 0011 1114111111111111110 (1111011110)

 

