29⁵

111111 1111111111 ,111 11113111 (911) 111 111 1111111111 1111111 11111
11111111 111 11111111 1111111111 1111111111 (1111111 11111111 11111111
1. 1. m. 1111111 111111 1111 11111. 1111111 1113111111111111 (11111
1111111111. - 1111 1. 11111. 11111111 11111.. 111 111111 11 111,
1111111111 1111.11111111.1111111111111 [611111118111111111111111811.
111) 111 1111111111111 111111. ,1111111111 11 111111113111160131111
111 113111π11111111111111601.

ι’111111 1111111111111111111.1131111111111(0111111.,Χ11..1
XIII. 11 81111111 Νο111111. 1821. pag 811) 111 1. 111111111111111.
vunan. (1111111, ς1111111111. 11111.. 11111111111111111. 1111111
11111111 1111111111 1. 1111111, 1111111 111 11111111 111 1111 111
(1111111111, 1111111111 1111 11111111. 11111 1111111111 1. ῖς. 1167 11111.
Hm (1111 1111111111. 11111111 111 1111116111 ,111111 11111111 1111
111111111611111111111111111111111111111111111111111
11111 (11111111 111 1111111111 -0111, XII, 111 1111111 1111 111
11111111, 111111 1111111111. 111 11111111 1. (1111111111. - (1111. XIII,
111111 iu 1. 11111111. 11111111111111111 1. 1111111, ιι. 111 111161
11111111111,111111111.ι ,1111111111111111111111111111111
(1111111 1111111 111 1111111 11111111 ιι. 1111111. 11111 1111111111 111
1111111 1111111 1111111 (11111111 111 11111 1111111111. 11111111 11111
&duci 111 1111111 111 11111111 11111 ab 1111 101.” 11111111 (11111111
111 111 1111111 111 (1111. 1111111111 11111111 1111111111. 1. 11111 1. (11.
11 1111.3.961(11111111 1111111111. §me (11111. 111111 111111 111 111
1111 1111111111 1111 111111 u. 11111111111111111, 1111 111111 6111·
1111111 11111111 111 1111111111 11111111.

⁴¹) 1111111 1. 11111111 -1131, 1111111111. 11 1111111111 11111111.
111 11111111 1. 1111111111, 1111 11 1. 1111111111. 1. 1111111111. XIV.
118111111’1Νο111.111. 1. 1111111. 9), 11111. 11111111 1111111111 111
11111311111111111 1111111ιί curvi 111111111111111 1. 1. 111

⁴⁷) 111111111111111, ιι. 811. (1111111 11111. 1111111111 1. lom-1554,
1111111111. {n 811, 111111 Im 111111 111 11111111 1. 1111111111, 1111
1111. 1111111111. 1. 11111111111111. 1. 8111111 1. 1. ὓ. 19), 1111
1. 1111111111 ,111111 111111111111111111 1111111111 1111111 961 11111
1143 111111111111131111111 1111111 1111 1111311137 11111 1111111
311111 11111111 (1111111111 1111.ΙΙ 111 (11111. 1111111 1. 3. 1011
1111111111 „2311 bem 3111 111 (11111111 111 111111 ῦ11111 0111111111
1111111 111 bem 11111111 ιι. 11111 111111111ιί1 11111111 11111111 1111111.”
11111111 11111111. 111111 111 111 ,1111ιὶ1 111 (1111 111 1111111111
111011111Ρ1111Ρ1ὄι11111 11811. Gutteri!⁴ ’

⁴⁸) ’1111 11111111 1111. 1. 1111111 1. 1. 11111. 1114, 1111111111111111·
(1111111 11111111,111111111111111111, 1191 111111 111 1111111111 11
&remu 1. 111111111111111 11 11111111111111111111111111, 1196
1111111111 11 111 111111 11 (11.1111111111111111 11111111 11631 111
1111111111 ιι. &caint 1. &I 1111111 1111111111. 1111. 11111111 1111·
1111 1. III. 1), 3111111111 111 (11111 1111111. Sum 111111 111111 111

 

