w

1111. 1116111. illm. 614111. vu 1ῧ.41-61.)1.111111111’6 111111.
1111111111. 1. 111. 111111. 111. 1. 6. 311-11111. 11111111 1 11. 1611
“ 111 11111111111,1637,11111111 61111111, 1640 1111161111, 1141 1111.
{mmm 1644 11. 11. 3. ὓ1111111111111311111111, 1667 3111111) 1111111
111 111 δ11111111 111 111111 111111111111 11111111 116 1111111111 11111.
g! 11111 11111111111111111111 1. 111 1111 11111 311111 111111111111111.

111 6111111111 1111111111111311111 1611. 4.]

Uitula Βτ1111111111. tannim. ') ’1)1111111111111111 (1111111
1111111111, 111. ,1111111111111111111111111111111111111Ι
,111111111111111(11111111 ,111111111111111111,11111111
116111111111111111111116111111’ -11111111111 111111111111111
111 1111111 11111611. (1111111 1111 111111111111111 11111 1111111111
111116111111111111111, 1111111 11111111 (1111116111 11 1111111111,
1113111113711111111111111111111111111111(,1)111111111111111Ρ11·
11111 1111111111 11111111 gentis ad an. 1330“) 11 11111111 1101111111.
historie. noemin. 11111171 1111 111 1111111111. 1111 1. 111111
,1111111113111111111111111111111111 111111111111. 011. 116.
1116.) 111111111111111111111.1111111111. pag. 189. 11. 1. ἲς. 1161.
111111 111 (1111111111 111 11111111111111111 111 11111 111111111111
1111613191 11111 111 1111111111 111. 1111111111111 111111111111111.
Pmpmmwmm

111 111. 1 11 11111. 111, 1 1111111.
Pin& ’111Ῑιῠ1111ᾶ1ἰῇ tfflb bffibfi 6111 st Μ Μ1 W b
bgdssertanegtmg “3th 111111 13311111 1Ἵέῒὲ {Le gub? ww
111111 111 1111 (p. 140 adan. 11001. 11111 1111 111 1111111111111
1111111111116 1111 111111 1111 1111 (11161111 111111111111111.
11111111 11111111111111.- ,11111111 1111 111111111111111 1111111111
111 1111 1111111111111111111111 1111 1319 111.183.196 191199100.
204. 2116. 1111141111. 217. 218. 2191223. 226. 228. 23211. 234. 23911.
1111111-..11111111111.111111111.11.
1)]13111111111111111111111111. 1111111111ίί 1111 1111111111 11·
1111111111 11111 1111 11, 116 11111 111 111111 111 11111111 1111111111
111 111 1111111ῐῖ111111 0111111111111 enneae 1111111111 1111111111
1111611111 11. 1111111111 3111111131111.111 1
1111 11111. 6 11111 (11111111 1. ⁵ 11 (11111111 11.(1111111111111
811111111111) . 10. 43., 111. 11. 1111111 11 1. 1. 11111116 11111111.
1111111 . 1111111111. 116 ς1111111. 1111111311. Q 204 111. 1. 11 11111
111111 1111111. 111 .1159.” 1111.1113130911-111111116
11111111111111 1111 11111111,111111 111111 warte 11111111 11111111
(11111111 11111111111111111 11111111 11111111111111 161111 1 1111111
1111 11111111,1111 16 111111111111111111111111111 11111111. 11. 3.
&2³⁸⁹ 11.), 1911111 16 11111111 11111111, 1111 1111111111, 1116 1161
1111111 116 11111111 11 1111111111 111111, 1. 1116 11111111111111 ,111

anno 1111111111.ι 1111111111111111111. 1111111111 1111111, 11

1111 1111 111 1111111111. 11111111 111111 11111111 1111111111 111
3111111116 1111 11111111 (1111111. 11001. 311111111111111111111 111
1111 11 111 111111111111 1111111. - 1111111111111111 11131111111111.
1331111311 111“1“.11“311ξ.1111111111111*ἱὲ’ 3111111111

1111111116 8111111. 111111. 1111. 1111. 6111111 1. 11. 1111111]

 

