129

⁴¹> 01111111 1111111111 1-1431). 111 0111111111111111111111. Fr. carol.
(11111. (1111111111. 111111 111 1111 1111111111 111111 „Sum 1011111
61111111· 111111111111111111 1111105111. 1111111111, 1111 1111
1111 1111111111 1111111111. 1111111111. in Quart 93 111 111 1111111. 111
111111. 1. 611111

[1111 11111111 1111111 11111 111 1116111111. 11111111 111 1111111111
111 111111. 611111 1111 11111190, 1131,1111, 1170, 1316, 1110,
1111,1115 11111, 11 11111111 11111 11111 6111111111 1. 11111 11111111
1111111 111δ1ἑτὶἐ1ἲ11ἴ1. -bfflsi‘b 11111111ὓ 111181. ἑ11111 1111111δ111111ἓ1111ι
ἐξέἔοιῗθο, 11 ι11ἓὲ81111111ςι11ῐ1ῴ111111111 b(cnn&bntqf1e'1'13;ette 'gefffffflffi
111 11111111... 1111 111 1111 (111111 11111), 1111111 111 111 111111
1111111111 111 1111 111 1. 11111, 11111111111111111111111111111
111, 111111 11111111 1111111111, {gret 611111 1. 1111111111 (1111011-11),
1111 1111 11111111. 6111111111 11 111111 1111111 1, 11111111 1111311111
11 111, 1111111. 11161111111111. 1111111111111, 111 flunt 3. 1433.
1111 111111 1111111111, 111 111 111 1111111111111111, 1111111 111
111 1111111111. (111111 11111 11111111 111 1111. 111 11111111111111

11111111]

1111111111, 11111, (1111111111 111 11111111 1111111111. 1503 11111,
1111 1511 111 1111111111118111111,111111 1511-19 1111111111
11111. 11111111111111111111111, 1550 1111111111 11111111 111 111. 1111
1111111111) 11 1111111111 1. 111 111111111111111111111111111111111,
1. 6. 1519 11 111111 111 1111 11111111111111111111111111, 11111111, 1111
111 1111 111111 1111111111 111111111111111111 1111111111, 1111111 11 1111 eine
1111111 1113111111 11111111 mit 11111. 6111111111 1111111111 1. 111 11111111
1111111, 11111111. 111111 1111111. 1111. 1183, 1011111111. 111111.
301>- 611. 1111111111 ,3111111111111111111111 111 11111111111111111,
1111111. 1111111111 1111111111. 11111. 1111111 11111111 111 1111111 111111,
&beu 111111111111111111 111 ,11111111 11111111. 111. 6110-611.
1111111 311111 1111111111 11 111 11111111 1. 111. 1111111101111)
,1111111111 (1111111 11111. 11111 111111111111111111 1. 1111111.
111. 1. 1111111. 1111111111 1111 111 11111111. 111 11111, 111 1111111111
111111. 111111111111111. 1111111. 1111111111 111111, 11. 11. 1111.
1111111111111. 1. 1. 1-1. 111. 1111111. 1111-11; 1. 111. 111 111
1111 1111 1111111. 111 1111111 1111111111 D. 111. 61111. (1111111.

μ-α

1117.” 4. 4 1111111111 [111111. 6. 25 fgg.: ,1111 111 &finem 111 11111
11111111· 111. 1. 611. 6111 ,111111111111111 111.1.111.1.
6111 ,11111111 1. 1111111111.Ἰ 111119. 111. 1. 6. 79 faga ,611111
111 111111 13101. 111 6111111111] in 11111111 11111. 111 11111111
111111. 1611111. 1018.) 11. 1. 6116-136. 1311. 1111111 11111111111111
fib. 111 11111.11111111111111111 111 111111 111111. 11111111111111. 1117.
111. 4. 6151-1111 1111111111 1111111. 111111. 11111111111111 6116
-m

[111 (1111111 111111 111 111 11111111311111 11111161ὲ11111111111ι
111111111111111111111

9

 

