429

11777777 777 777 777777 777. 1477 7777777 7777 7777777777 77 ,7. 707.
777 777. 777777 77 7717777 77 777777 7 “nsscfflssglcustg'e Ἑξῦῃιςαιὶιέὴωιὶἑ
ξοῖῐ716ἷί77777ῑ7ὺ775777 7171777171, ξέἓῖἳὲῗὲεοιξὲῒαῇω 777777 77. 7. 777 73
ffiffiffiffimwfflwwfflffi
777777777777777777777777·..7.
7777777777. 7777777) 7777777777 7777777777777777
7777777777777777777
777777777777777 777·7777777777,7777777777
77777773777777772777 7777777777777777777777 {iffi}

52)st ,Chronik 777 77777777 7. 707-15317, 77777ἓ7. 77 4. 7186 7777 777·
met. ffiL), 777. Boruss. in Quart 87 7777. 777 1. 7777777777. 7. 7777·
777, 777 77777 777777777 777777, 7777777 777 777 7777777777 777 ,7777777
7777777 77777777 7. . 77. 7-1770) 77. 777 777. 7777777. 7777. 76, 77.
77777 77 777 7777777, 7αέ 077 87 777 777777 7 Q 777 777. 76 777 ‚Anno

707 7. 7. 77.” 7777 7. 5. . 777 Fol. 76 77777 777 7777 17777777, 7777 777

2. 3. 1758 777 777777777777 777 77777777777777 77 777. 76 77777777 777777,

77 77777 7777 7777777777 777 7777777777. 77777777 777 7777777777 77777
7777 777777 77777777 177 7 7. 77 777777 77777 777 7. 3. 1300 77777 717·
7717777 777 777. 76 777777ἓ 77777 77, 777777 7777 77777777, 77 777 777 777
777· 7777777777 777777 7777777777177 77777777 777
7777777777777777777 7777777777777777777797777.
77777 77777 (7. 7. Pol. 76)Ι 777 3. 1790 777 u. uber 777 777 077 87 7777777
777) 37777 1731-15907771. 77777 777 7777 756 Q 77777. 7777777777 777
7777 7777 077 87 777 77777777 77777777 „mas 77777777 7777777 anno 1771.
77777 7777 777777 67777777 7777777777 771 Θ), 7 7777 7777 777 77 777
77777777. 77 7777. 777 3777777777777 77777777 777777 7777777777 7777Ε
7ιῖ ²21} 57797 7777777377 779737 {2³⁶¹ bftdss‘nffffontt? {1²ss agito& bfintffig
7 u 7 ,77 . 7. 7

777 (7777777 777 7. „Anno 707 7. 7. 777 777 7. 8. ὦ. 77777777 77777777
77777777 7777777777ιὶ Appendix: ,7777 77777777.Ἰ 7. Mencken 7. 7. 7).
7777777777ῧέ.7.”77777.31777“77”77777Ϊ“77.)77377777777377
77 777. Qrt. 87, 7777 7777 777777 77777777 7777777777. - 777777 777 (777777
..77777 77777777 77777 &tabi 77777777 7777 (777) 7777 37777777, 77 777 777
777777777 &adm 777777 7777 7777777777 7777 77777 7777 77777 7777 ι
7777777. 77777777 77777777, 777 7777777777 77 777 377777 7777777 7777777777
777 77777777 7. 7. 777 §Die 777777. 71777777 7777 7. 7777777777 ,1777777777
777777 77777777777777 777 77771777777717 7777 7777777777 777 77771777
777777 77777777 &oluff ,777 77777777777777 7777777 77777 77777 777 nn·
7777 7777777 777 7777777777 777 7777777777 77777 Ι7777 7777777777 7777 777,
777 777 7777777 77777 7777 777 7777 777777 777, 7777777777 777 77777·

14)777777777777777777777777077777777777777,77777777777777777
7777777777 7777 7777777777, 77 777 Suu 7777 7777777777 777
67777 77777777 777717 7777777, 777777, 7777777777, 7777 7777 777 777

 

