244

1. 011111 101010 16110101001011, (01011 (1111 11011111 60111011. 111οι11
01101 01111110 011 10010111 11111 1111 0101 31110101 0116

11 1111111

11111 3111 1101100101 111011111οι111 6100 1. 01101 011110 010 ΒἯ.
001 0111 11010111οι0 (11111 3111 00101011. - mie 6100 1110 10 11011 ¹
0101111111 10111 10110 . 011 1001111110 (1101010101 100011 0011111, 011
0011 0110 1110600· 0116010101 10 0101101100--0111(0010100010,
1 1111111113.11111111111111111
01111010ὲο1 100 11111101) 0110110111 0οἷ 10110011 00111, 011
11011110 111111111’1111...1111.010.111”1..ι.11, ’1111
1110 1-111101 (11111 11110110. 1101 1510 10 01 011110. 011 1110110001.)
01 1111. ..10111111111111111
(900100011111121131ο0111ἑιξ1100018(οι0ι0000ι (01011 6111011011 001 61101( 1110
0111000011601 11111 000 01101. 111110 (1 1577) 1. 011 61011011
(101 6010111, 01111 00001111 00111110 1700 0110101 1. 011 000010
(11011 1101101111 0. 6001010110 111011 11101101111001.) 6. 101-101

111111011οι 101111010011101160011111οι1001011311011010
01( 011110. (6. 6111111. 6111111111-111111111.) 6. 127-354. 1. 60110.
3111100010 ιι. (11111 110111οε00010 0101111110110011011110.
31535. (Q (0111111. 6. XXXIX-XLIII.) 6. 355-173. 3. 300. 01011
1101110101601116101110 (ιίι 01161.61101(11011.3 1515.
6. 170-108. 4. 6110111101 01110111 1. 60110101100, 01( 1111
1101011 011101 010111111 1515. 6133-290. 5.111011001010(11011.
(6. 10111111.6.Χ1.111-Χο11Ι.) 6131-330 0. 3 00. 10101000οι01
0111111100111110 11110110101110 f. 6111111110 1030. (6. (0101111.
6. XLVI—LII.) 6. 390-193. 7. 300. 0110010100 610111οι0 01
1101011011011 1. 01010 01161. 6110111ιο 13. 1555. 6300-003.
0. 300. 1111001000 0111101101οι1ιο f. 611011110 0. 3. 1505.
(6. (0111111. 6. LII-LXI.) Q 304-310. 9. (01011011οι1 01 011 011010
01001011 1100010111 (6.1-101) 6310-313. 11.310011001101110110
01 011 61100110. 1001011111 (0. 1114-1060) 6. 327-008. 31011 1010001
100. 3100010 6. 303-363. 01001100. (0100010110 61110110 Ues
( 10101101( 01111 0. 3. 1511.) 6. aea-3⁷4 11.100111111110111101101
011 61100110. 100101 6. 377-333.)

10100. 11110 111. 0. vt: 1011 61101110οι1 01110110111101011
3000101 1110111110 (1561-1575 0101000111101111 11 6110101110) ιι
101100ιο 0010110100 (10051111100001 00. 8100110111 10 61101111ος
† 0001001111. 1533) 0011531-1611. 3111 1111111011 010 011 00011101.
01100011. 0111 (0101111110, 310011101101110110,1110111111οι0 0. 1110111111οι
1111011 01001111 000 (1. 0. 30011. (xlv. 1. 013 6.) 6110111110. 1313.

, 111011 Q 0011101011 1.(111011111 001. 3011111100010. 10 0110111110.
6110. 30010. VII. 01111. 6.1-11. (06110010 001010100οΊ 611011
(11011 0111101101οιιο 11. 1153-17.”) 1. 6101111. 6. VIII-XI. - 111011
0110111011 1. 0101110111 001. 30011 11 0. 0011110. 6110. 30010. VIII. 1
01113. 6130 (00. 1101111116111-1111. 1111 111 11101111 010 (00.

 

