566

11111111 11 b. Ann. ’111111 1. 1. - 81. 11 adv. 1. 1. 1311. 81111 1.

1. 11111111). 1. 131. mit 9). 11 1. Anu. Trem. {319 113 1111. 1. 1111111.
- 81341. 1356. 11111 111 11. 11111111. 11 1. Anu. 111111. 81 130,
1111111 111111 1111 1111111- 8134111. 1. 1333. 1111111111 1151111.
n 1. Ann. Trem. 81. 130. - 81. 33 1. 1370.1111111.111111111111 1.
Anu. 11111 81. 130. - 81631111. 11. 1111111111 1. 111111. 1111111 111
1111. 1111111111. 1.11“1.1ῗ”1..1ῗ·1111.11111113
1111. 1 . 1. 1376111111 1111311111. 1. 11111111. 11 1. 31111111. 81. 131.
- 8191 adv. 111. . 1317. 11111 lv. 11 1311111. 11 1. ι1111. Trem.
81. 111 1111. 11. - 81. 91 adv. 1 . 1. 13731111111111 emt. 111111
1111. 1111, (111 111111111) 11 1. gun. 1111181. 131. - 131-33 1.
1373. 111111 111111 1111111111 1116111. 1111111111. 1. 111131 11 1.
Anu. Trem. 1111. - 81. 93 1. 1373. firme 1111111111. 18111111
1. Ann. Trem. 81. 131. - 81. 93 adv. 11. 1. 1313. 81111 111 ἵ 111. 1.
81111. ln 1. Anu. Trem. 81. 131. - 81. 33 1. 1373. R. 81111111 111).
111 1.1111.Τ11111.81. 131 adv. - 81. 100 111. 1. 81111111 111 1. Anu.
Trem. 81. 133 adv. 11. - 81. 100 11111. 1330. 1 1 111 1. Q. nct=
1111111111 111 1. Ann. 11111181. 133. -- ibid. 1. 1375. 1111 111 &om
1111111 11 1. 3111. Τ1111. 81. 134. - 81. 143 . 1411 1. 1411 11 1.
Ann. Trem. 81. 113 adv. — 81. 145 . 1466. 8111111111 111 8111111
11 1. Ann. Trem. 81. 114. - 81. 146111. 1. 1444. 81111 111 618111
11 1. 11111111. 81. 114. - 81. 1431111. 1. 1410, 14531. 1417. 811
1. 8111111111 11 1. 1111011111. 81. 1131111. 1. 114. - 81. 110 1.
1461 u. 14661111. Anu. Trem. 81. 114. - - 8111 1. chronic. Do·
minioan. in Tromon. 11111111111111111 111 1111111111 111. 111311
11111111111311111. 1110, 1110, 1111 u. 1114 31. 11-11. 11 111. tu
1. 0111111111111181. 1 u. 1 u. ὃ. 41 11. 111 (1111111111 111 811111
8111111 1431 81. 143 adv. 111 1. 1111101.Βο11111. 6. 6; 1. 1 1111111111.
1434 11181. 1441111 Ghron. Domin. Θ. 1; 111. 111 (11101111 81111113
111111 1. 136011181150111 chron. Domin. 6. 3. - (111 11111 111111
111 8111111111 11 1111111111 111111 1111111111, 1111111 1111111 11111111 1111
111111111111111111111111111.101111111111Ν111111..1“1111011111“
1111111. ff, 11111 1111111113 8571-373) 81. 1-171, - 1. ‚Rauol-
(11111110110111 Chronographus Praosbytor'fremonion. an· .
notavit haec sequentia.“ 1411-1103. (flurs „Anno 1431. 811113 ³
11 111111 131111 1111 3111111111111111 1. 1. 11. 111111 1113111111 1 1
1111 Nr. 1). 81. 171-176 (1111 10 Q) - 3. 1111101111 1111111111

idem qui supra 11 stagnantium Rythmorum auctor. ((1131 gement·

1111 1111111111 11. 11311111 1491-1433 1111, 111111111 111111.
1431-93 incl„ 11 111111 1111111. 81. 173 adv. - 179 111. 11. 111 111111
3 11., 1111111 11 111 ’ 8111111111. 1311. 81. 10 1. 15 1111111111 1111.
811. 1111 Θ. 461. - Rufa 3111111111 11 11111) 1111 11111111 1. 1. 11. 1111
1111111111 11 11119111. ,1111111111 111111 1311
11111181111111111,11111111 11. 1111181111111111111 11111. 811
111 1111111111 811111, 11111111. 11111 11111 11111111111111111111 1111
1111111113 111111111111111111 [11. (1111111111111, 1111111111. 81111111
111111·111.31111113111111111.1,311
tuing, 111111 11111113111111111110111111. 1111111111 1111111111 . 1434
11113111·11111111111111113113
1111111111 1111111. 1111111 u. 111111111111.11111; 111. 1111111111. 1.
111. 111111111111111111 1. 8111111 11. 8111. {ormana 1. 3111 11 1.

8111111111 1111111111. 1. 81111111. 111111. 1. 1111111111 11. 111311

 

