m.

1111111111 11 11111, 1111 11111 1111111111 1111111111.111111111,111111
1311 11111 nge 11111111 1.1111111111,11111 1111111111 1111111111 111
111111111111111111111111111111111111ἒὲ
1111111111111111111 n. 1111111111 111 1111111111111111111 11111111.
1111111111 111 Θι11111111111111111 1111111111 (1111111111 11111111 111·
1111111111 111 1111111111 1111111111111111111 1111111111 1. 111111
11111, 11111 1111, 111 1111111111 1111111 11111111 111 11111111, gu:
1111 1111 11111111111111111 1111111111,111 et 1424 11. 1111111111-
1111111 Lib. 1. da Pnesnhs 111 West 111111. . illustrib. 11110111. hi-
1111. -1111111 p. 111. 1111111111 gotum 1. 0111111111. p. 11-11,
8111111111111 11 1111· 1111111111 1811. 1111. (111-
11111111111111111111, hoo 111, chronicon [1111111111 ab 0.c.
-1118, (111111 111111111111111.111111111, 1111 tinem 1111111111 111
111111. 1111111 11111 ciuem 11111111, 11111111 11 111 1111111111111111
11111111 11111, 11111 111111 1111111111. 1. 111111. 1111. 1199. *mus
eosmodr„ 11111 Hamelmann commentar. de opulis 111 1111111111. olim
1111111111. otc. 111, 1131111111111111 et 1111111 1111111111, 1111111
1111111111 11111111111111111 111111111111111 (1111 111111 auf 111
31411 1111111 1 1111111111 aetates 1111 1111111111 1111111 1. 1111111111

1. 111111 111 1111111 1111. p. 11ήῖ81, 1. 11111 1. gir. 111 1111111111 .
vm. 'ms-4341 p. saa-284, 1-1347-1118 1. 69. Gap. 111 6. netas
11 111 1111. ,1117111 [1. 1100-1111 1111. p. 319-346]. Dbmobl
1111 1111111111 11111111. 1111111 111 1111111111. 111 1111 11111 11111111

111 1111111111 11. (1111111111 11111111111111111111, gang 11111·
1111 1(111111111111111111111111111111, 11111111111111116.11111
1111 1111111 111 11111111111111111111 un 111 1111 1111111111 3111
&namt 11111111, u. 111 61111 5111111111 81311 11. 111 Q ffieiets 1.

1111111111 11111111. 1111111111 1111111111 11111111 111. 1111111111 1.

111111.11111111.·,11.111111111111111. 11111, 11. 11111111
111111 1111111111 1111111111 1. 11111111, 11 (11111 11111111,
11111111, 1111111111 11111111111111, 111. 1311111111,
1111111, 1111111111, 11111111, (111111, 1111111,.111111,1)111·
1111, 1111111111 1. (11111 31 111111111311111111 111 (111111. 111 ges
11111ηὲ111ῒῇ111 u. 111 111111 11111ῇὲ11 111111111111611111, ebe& {mg 111
11111111111111111111 11111111111111111111
111 1111111 1. 1111111111 emm 1. 1. 11111111. 11111111) 1. 11111 u.
1111 (111111 1111111 1. 111111 1111111111 1110 [1113314311 1111111.
111111 111 1111111111 1111111111 1111111 1111111111 1111 1111111111 111111 1111
ἒ11έ[11.ξ1ῗ. ig. 111 &tiigffibtfibtrgtffittfgssunss 1Ἒ31111, 111, 11111
111111111111111111111111111111.1111111111
1111111111 111 11111111, 11111111111111111 11111 ν1111 1111111. 111
11111111 1111111111, 111111 1111111111 1.111111111111111111.- Gobel.
Pers. 11111111 11111111. 11111111. chronic. Bel icum u. 1. Alb.
11111111 in 1. 1111111111. 11111111 1111111111111. 1131. eibomiLi Introd.
fflfffi3·ss²fzf·3†⁶‘55·&¹2⁰3s 11111111111111111,1113131
p. 11-116. Qu H. 1111111111 notae p. 311-369. 0111111111 01-
talogi Episcopor. Paderbornensium (1. 1118 111 1111111111τί11
1. 1111111111, 1. 3111 111 111111. p. 119. *11111111 g 11111111ξ111-
ssstbloiffffi’, gzzssffiuffffiffiug atzmu& ἓὲἱῃαζῐεῖἓ ¹ber 1111111118.
, 111, 11111 1111 111111 1111111111 111111 1191111 1111111111 1111111111
&umbe 1111 1111 11111111,11111111111 1111111 11111 1. 1. 11111 1310

18

ss

 

