126

1111111111,111111111,111111111 11111131 1111111111111 111 11111111
1111111.1 1. 11. 1511. Q 111-111. 1. 111111111111111111 111· 1111111
111 [1111111111. (1111111) 1. 3. 1115. Q 111-121. 5. ,11111111 5=
11111111, 111 1111111111,11111161111111111 1111, 111 Sa 111 111 11
1111 111. 11111111111111111’11111111111111111111
’ 1111111111, 111 11111 111 1111 31111111 11111111,1111111,111 1111111
1111* 1111 11111 1111111 111111111111111111111111
1111 1111ἱτ111ιεῘῑ 111111 1111111111ιῴ 1111111111, 1111311111 guam 1111
11111 111111 1111 1111 11111111.1 Q 223-230. 6. ,, 11111111 111 Qun:
1111 1111 11. 111111 11111111) Q 131-131. 1.,1111 1111111 111
111111, 111 111111111111 111 111111 1111611111, 1111111113111111111
Qu 111 3111111111 11111111 1111 1111111111, ,11111131 111 8111111
111111 11111 3111 11111111 11111.1 15131131. 8. ,, 1111111 11111
11111111 1111111111 111 11111111 111111) 11111 111 111111, Bu 11111111
1111111111111111111111, 11111 mitt 11111111, fin 111 111111 111 11111
11111111.η Q 136-119. 111111 1111111 11111111.11111111 Q 119-
11111.111111*11111111111.1111111.1ῑ111.ῗ111ῑὲ11
111 111111111111111111 11111 1111 11111111 1111 (1111111111.Η Q 256-
159. 11. ,11111 1111111111, 1111111111.” 615911. 1111111111111,
116111111111111111 Q 160. 13.,,1111111ῶ11111 111, 111 1111111111·’
Q 260-262. 11. ..1111 1111 111111· Q 161 11. 15. ..1111 31111111
1111111111Η Q 163 11. 16. ,1111 31111111 11111111Ἰ Q 111-116. -
16. ,1111111111 111 11111111 111 1116 Q 266-268. 11. ,11111111 111

&naemu 1111111111111111, 111 111 Qtete 111111, 1111111111 bar=
111 111111111*1.11111111111311111311131.ἓ“11
&Innuet 11111 11111111111111,1111111 111) 111 111111 11111111111111111

111 1111111111]

111111111111111111111111111.11111111
. . . S· 0. · · · .

1111111111 1111 1111111. 11111111111111. 1. 1111111111 111 Q.
11111111 11111 111. 1.). 11111 1111111 1111111 1111111 ,1111111 Prologus 111
1111111111 111111 111 11111111 11111 11111 11111111 11111 1111111111, Bu
11111111 1111111111,1111 11111111 1111111111 11111111 1111111,11111111111ι
1111111 1111111111111 1111 (11111111111 3111111 1111 1111111111
1111111111· 1111 zita 1111 „Chronica 111 hochlobwirdigen fitterlichen
neutschen 011111, Zusampt 111 1111111 lando Preussen vnd Lefflnndt
vrsprung 111 das allerkfirtzoste begrieffen.“ 1-11251.1“11. 1541191511).
1111 1111 1111111111111111 „Volget 1111 1111111111 1111 11111 1111111111, 111
1111111111 111 11111111 111 1111 1111111111, 111111 111 1111111111 111
1111111111 1111111111ὓ11111,111111111111 111 11111 11111 1111111111 111
11111111, 11111111111111111 1111111111 111 11111111 11111111, 111
1111 11111 111 11111 1111111111, 11111111111111111111111111111111,
11111111 111 1111 11111111 1111111111 111 111111111111111111111111111
11111111, 111 11111 1111) 1111111111 111 11111 11111111 11111 111 1111111111
311111 11111111111111111111111.” 111111111111111111.1111111 ‚Pro-
logus.“ ,11111111 111111111111111 1111 111 11111111 111111 11111111

 

