551·

11411111 ,9.11111111 111111. 11111111111111111111111111.1
111111111111111.111111111111 11. 11111111111111111111111 111111·
11111111118118). 11411 „Gapoello 81. 111111 11111118
1111· 1111111·11.1111111111.111111111111111111 11111111). 1111
1113 111111. 111 11 ten: 11. 938 (1111111111 111ῗ11111111. 1. 111·
1111111111 111 1131Ἑ111111111), 941 111111. eg 111 1111111111) ιι.
1211111111111111111111111ἒέ·1513111111 «111111ιέ111ἶὲ
1811111111 ..11111“1ἷ1””,1.111ῗέ3111111111111111ιῖ11ἒὶῗέ
11131111* 1112131ἔέ11111«1ιὲ111ἱὲ1 11¹I2¹¹312515³<322¹532525333
11 11111111ξῖ1111119111 1111111111 1111111111
111111111111

a .. . ,1 111 . ¹
111111.111111111111111111118111
”111·.ἓί111’1.1131111111θέ111111111111·1111111111ιῖἓὲ
hung ιι. 1111111111.11111111111 1111 1. 1310. 1. 48 adv. 111 ‚Se-
111111τέἶὲιῖ’11111111111111111113711111116111ῗῆ111Σὲ

11111111·

111 1111111 1. 11111111111111 111 111 11111111 111111 311111111111 1.).
11411318 111111 111. 1111. 1. 1111111111 11 3.). 1111111 11111111,
111111 81111111 11911. 1111111111.1.111111.1111111.ῦι11111 1.
11111, 1111 1111 1111111. 1388 111111111118111111. Ι11 111-191 11
,1111111111 1111111111 13881 (11111111 1111111111 11111111111111·
nug 1. m. 1111 1111111111 1389, 1111111111111 1111111111 1111111111
afuat* unmbffznmw' 111111 1.11.191111.-88 111 (Ξ.) 111111
111111.1111...1111111111111111111
11111ὲ11111111111, 1111 11111, ubet 1111111111. 11111111 111 1111311111
1111*11111111111111111111111111111

{311 1111 1111111111111111111111111111111111111111.1448111

1111 1111 11111111111111 1 11111 1111111111.- 1484 111111111111
111 111111111111111 ,1111 11111111 111111 1111111111· 14881111
1111111 111 811111 1111111111. 1111111111 1. 111111· 1418111111 11111
11151111111111111111111 1111. 11111111) 111ἓ81485 11111111ιὲ1111111 1111.
1111111111111111111111111111 1111111111111111 {0²3
..111’.11111111111111111111111111118111
tuum 11111111111111111; Ι111 111 1111111111; - 11111 ιι. 1111
{Binan 11111111, 11111, 1111111.- 11. 811 ..1111 1111111 11111
1118111111111111111111ῗὲιῗἸ.111.1[ἰ.“.ὓ111111111ῗ
1111111111 1111111111 1111 1111 1111111111 1111183-
144411111. 1111 11111111111111111111111111111111 6111111111
11111, 111 1111, 1111111 1111111 1. 11 1111111111 11111 1114 11. 48,
Ιέδο 11. 114, 1143 11. 44, 11141 b. 11111111. de Broicko, 111111. 441111,
- 1113 11. 41. 1111111111 1448 1111111111111111111111111111111111111111
11111 111 11111111. 31111 111. 34111. 11111111111111111111 ιι

11. 11111.) 1111 11 11111. 11111111 ιιι 111111. 11 armum 1ιὶ

 

1

