24⁷

[6113313111311111 311 63131313 6111111331 1311611313113.
-61113611333113336311113 13311333 (133311 13 311 6133131
5243?ss 1813ἓῖ Μ ]1 99-103. 63131. Gramor's 1111313 6313111163. 3.

’3 61113311ωό1 6111311113 (3331333 311331 6113111111131 11611111
1113ς11633133113113133, (1113311 3331111 131331 313333 631113, 133
1311 13 11 3131 633331131313 3331111313, 13 11 11313313ιί11 111311 3111313
333 3131131133 311133131131311, 333 1331 111111 1131311313. (1113. 1393.)
Uno 3. 33131. 31933. 1. 111131. 3. 6. (131. 11. 1113311113. 631-9.
[434. 736. 337 6.) 61311331131333 34. 631. 1113331133 63111333
61311311. 1. Q. 6. 3913.[111.1111313133131.3116.)

[6131111111311316111313 11311 31361311311113 31161131311133 13
61111133 ιι. 313 311311 11 6311113313 113313333 6111311 1 1. 31131
333111 ιιι 6113111133 11311131 1131113 13(ξ 311 113ωῇ1331. 63 31313 311

16311.ι”ι11113113181113331311111316111133.133 11 3311133 1113113 1ι3
fiber 33 31311 1.313 111131111133131131313, 6 11131 313 1113131 111 31
63313313134711343313111111113111. 613 3313111111111111333
13113111 1393 1331113313311313 ιι 4. 631. 139613311111131.]

311333311111. ⁹¹) 6131111, 613. (333. 1333 3111133 13 3. 61131113
Dr. 3. 13331.. 1311 1397 1111131 3. 61. 11111133 13 6131113 ιι. 1111311131 131
1111111 ς11313331111311311311; 11697. 61131. 03113113 1111333 (1313111.
33. 3. 6131. 334. 6. 94. 134. 143. 193 3. 311313. 6. 11113313133
311111. 63131111). 3. 6131113 63. 1. 636. 3. 3. 6111111111 4. 63.
6. 100. ιι. 3. 63. 39316316. 331. 3. 311133. 6111111111 6313113111

611113. 31133133. 3116371313311111133 11113136133111 3.1. 61131113
31131311 311113 611331 6113 1361311113 313 1133313111 3311 63111111
1311133 33113111, 331 ’311133 11311131 1331333 1133 u. 5. 3., 3. 13311311.
3311113111 631-3. 61111. 1633. 4. 11. 11. 331. 3. 6111 ,611 613111
11133111133111333(1313111311 D. Danielis 03331311. 61111163
1313113313 633 133113111331631131,1311113 1113333113 111111131331
61311, 333 61331333 31131333313111 331, 1311331311331111, 333
33333111331311111133133313 1111331, 113 61111 333 3111131133, 313 333
1133111313 (3311113333311, 313 31113 31111313131 (1313331113311111313113
1133, 113 111 1331113311133 3111, 3131333 333 3133111333 311. 1133 313113
633131131311 11111 333 1111313 6111313131, 1131111311 11331313 333
111311611113331331 1113113131 111113311111113333111311, 3311 13 1131
1133 3131331133113131. 113 13 6111 33131131331131611331, 31131 611311
311 6113111 331 61111131 3131113313313 3313113111, 13331311131. 31331
3111113111 11131361313331313 63311311 31611. 6131113, 3313 33311
33331336113161113311,1633113111331361933416.)

[6111 (331331313111 3131 111311 313 3111313331 31313 333 1131111111 333
331111131311113 316 3. 3. 1333, 1113113 31131 3111113331. 13 313·
1111331113 133 113 1113 31331 1111331 333 1113113113 311 1113111133
1313113113 133131131111311 3811113113.1633,133131
13 313 31131133 3111111 311 311 61161311 1333333311 6113311 3316131111

111311 11111131111133 331 313 3131131113 1311333 (1111311131, 313

 

