Ὶ1111

001 11010 1111. 0. 0. 11011 11. 010 ἵο10000110. 8011 1110011010, 0011
1111111101..ῑο 1111111111111. 11111011.

110111 1111011001 Ι. 11. Dtto'fl Ι. uram 1111 1110 01 L. 111111 0111111 111111
10100, 10001111 01111011 0111111111 001 001, 10011111 00110 11101 1000111101
010 90101011 011001 11100111 11001010 0101, 111 0100111110 31111110.
00, 100 11 001 011 0111101. 111 1111111100 00001010 1001, 0111 1111101

11101111, 001100, 10011 01111 01011101 0111 111, 10011011,10110
000 0011111111 011111 01111 1001110 110 1110011110 , 1110111101 1111101100
01100οἱ0011ᾱο1101100ιὲ 000011101101011100 00110111 unffi?
001111.. 1111Ῥὲ 0111111111111111 111. 81011005
000110. 110 0000 11011011 110. 1001011111. 0. 1110111111 ffi ,4. 11014
5. 930.-1101.ωο111ηο100ρῖ 111010. 11110 ὣ1οᾓοὶ100010101011 00101111
1111111· 1.,1. 11110111 ἰ1οῗ1910...111013111001” {iz
11010011 01111111.) p. 013-339. ’widukindi (11. 011 1000) res
11101 8111111110 1119 &hm 11. 919-918 (u. ox 100. G. Wnitzii.
11101101. 1000. 1101111. 0. 1110011111. 01111 11100. - 31011110. 011
11011010 110011101101101101110111,110 1111001111 110. 011 11010110 001110
3111011111, 101011 01111 31110000110 0. 111. 010 1110110010 110 011
0001110 01111 1101, 0111 1011 110111 000111 11011011 001 1111 1100101111
1111100100 011 01110000 1101111,ῠο1011 fut 011 [011101Ιῠ 011 «t. &gup- 606οί
00 1111111110001

10.0. 001. .,.,.... , ..
1101. 0111 (15.0410. 1110111011 0. 0. ὓ. 01. 1. Ε. 1-3. 11011010
0.. 0. D. ἓ. ξθ {gg 10104ὲ6-β-46ἶᾞὴ1ξο001ἐδ1001110011 8⁸84 111ᾚὲἱῆ Regen-
1180. (manig 1100111111οΨ 1111111118118111. Ω. 1. 0. θῇῑιιεζὲἱάεθιι.
Qut. 1104. - 100111 001111 0000 11000101110011 60011111. 211101.
(111011ῗὸ 111, 15119165111101111οῗ601. 911ξῖ-ῧ-7 1018 (111111811ιὲ 11111011Θ 1ἕὲἱῲιὲἔίθέῡῇ
11101110 011 110. 01100. 6010110 011 0111110111 1101111, 011 011111 011
001111011010101. 11101101. 0. 10 01111111 1111 0110111011 1011101111
1111110001 0111111010 000 1. 0111111110 011, 011 0111110000 010 11011111.
11100011. 0. 01101110. 111001 (1011101010 101 110 0111001010111013111,
010111101011101111 1111111011·
151110,ῐὶἔὲ 110111οῃ110111110οξῗο. 01ὲ101ῑο>10110οὧἰ10 01181 Θιὲξιιὼαιιτιὲ,
0111111101111111,0111ῖῖ11,01111.,011111101110101·
0. 111. 1111110010 11011. 11111111. 11 1. &tium 0. 0. D. 10. 9-0,
0110 ὃ. 00 0. 11111111 0111. 1111111010 0111111010.) p. 719-811. Bb. VI:
Ann. laubiensium continuatio a. 1000-1000 (001 111 1010111 §fita
11111 1110· 01014 u. 1070110110111 1100119111000110111111111. 01011
011 0101110101ἐ1ἐ--00,Β 01011. ὴΙ.001110οὲ01001051001ί1)180)001ι.ο81,610ὶο04121
{⁸3¹¹AEa3933512r1w3‘?v.‘'2531ss 1110011110.’11-01 Amffiffl
0101011011 reginae 101101. 110. Ι. † 900. — 11101 10 0. 18 11011 ih.
00110111 11 130101101010 0011 111. 010 (1110000 011111οῶ 11
01010100111.) p. 100-001. 011’111010101101.01101111.( 1011)
vita 1110111111. imper. (111 00001 1011 0000 001 1111110101 01011 111011,
11111011 0111 00111 01001111 0111111111 001000011101111001110, 111011 11011
111. ὓ1111111 0. 01100001. 0. 001101 1; 01. waringen· 111. 11111
111111 111 00110111.,0)110011., 0111111. 0. 3111. 11101 000110

 

