111

1111-1111. 11. 1. ὃ. 111-1111 1111-1111. 1111. 1. ὅ. 111-1111 1111
-11111, ·- &- 191. 111111 111ῧ11111, 11 111111111111 1111111. 1111111
11111. 1 11. 10 11111111 111111111 1111, 111. 1111 111 11111111τὶ111 1. 111. 1. 111
1. 1. Q — 1. 111. 111. 1. 1111 11. 11111111 1. 11111111·- 6111 ,1111
1111111111 111 1111111111 1111111111111, 1111111111111 1111111111111111
11111111 11111111 1111 1111111111 11111111, 11111 111111 1111111111 1111111
1111111111. 11111. 1111111111111 1. 31111111 1111111111 111111. 1 ,(111 11111
1111111 11111111 1111111111 11111 (111111111111 111 11111 111111111111, 11
111 111111111111111 1111111111 11111111 1111 15331 1. (1111111. 1. 111111.
1111111111.) „Aah 11111 gy 11111 111 1111111111 Vnd 1111 1111 1111111111 is 11·-
11111111.“ 1111 1111 1111 111 111 6111111111111 1111111111. 31 111 11111,
(11 11111 111 11111111 (11111111 11111 1111 (111111111111111 111 1111 1111111
1111 111 1111111111 1.1]1111111111111111111). 1111. 1. 11111111. 111. 1111
1111111 1. 1, 0. Q 163 11. 111. 141. -- 6117. 1111111. 1111 161111
1111 1111111 11111 1111111111. 11111, 11111111 111 11111111. 111111 11111.)
111. 111. 1. Θ. 11171111 ,11111111111111111111111111 111 111 11111111
11 1111111 1. 1111111. &t 1111. 1. Q 1111-11061 ,111111 111111
11111. 1111111111 111111111111111111111111111111111 1111 111 11111111.
1111111 111111111111 11 111111111111131111111.”

91

11

-ω- .... mmm-

ffiffia 11 111.. unger-mm 1111111111.

 

