111

θ11111111 11111 1 Petrum 111111111111 111. 1111111 (111. mom.
1591.1 111 (119 m 11. 191 Ξ, 11111 111 1111111111.) 1111111 111111. 11111
111 1. 1. 1111. 1191 u. 1111111111111 1111 111111.1111.111.11.11. 11 111 111
111111111111111111111111 1111 1111 11111, 111111 11111, 1111 11111, 1111 mit
8. 1319 11111111, 11111111 111ῢ11111111111 1111111 111 111111 1111111111.
11111 11111111111111 1113111111 11111111111111111111111111. (11119 ὖ.) ’
111111111111111 1111 vt: ,11111 1111 1111111111 111111111111111111111
1111111111 11’ 1111111111. 6111111111 111 1111111111111 11 11111111111.11111
11111 111111111111811111111 1.(111111111111 11 11111111 111111111111111 1
11111111111111111 11111111 1111111.1 (11.1. 1111111111111111111111111 3
111111 1111111111. 1111111111 1111111111 111111 1111111111 1. 111 1113111111.
- 11111111. Nr. 5. ‚Microchronicum Anno 1596! ’18 111. 801. 111111 111

· 1. 4. 311. 11911 1111111111. Nr. 11. (1. 1111111 111 „Excerpta quaedam

11 chronico Rein. Reinecoii aSteiuheim etc.): „Petri Η111 titii 0111111111

11111111111111.α 115 1111. 1114 1111111111 1. 13111. 1591.

3111111 (111111111111111. 2³. 1. 11111. 1111111111. 1. 11111111 Θ. 11-11;
1111 11ὓ111ῢ111111111114 111 31111ἑι1ἑ17 111 11ξ111ᾖ11ῢ1111111. unbtetssssobotue

1.. if. 111111111111111 1.· 111-1111111111 11111

11111 1111 111 311111111111 111 111111 1111111.,111 1. 111111. 111.

11111111111111111111111111111111111111111
11111 111111 1111111 11111 111111111111111111111 111 81111111 11111 111 111
11111111 1. 11111111, 11111111 1. 111111 11 11111111). ὦ. 10 -111ε
11111111. (1111111111 111 3111111. ὓ. lap—208: 3111111111· (11.
11111111. ὦ. 101-1191 3111111111 (11.1111111111111111. ,

1111111111. 1111111111.111111131111111111111 6117-191. 146-249. .
Q 280-296: 31111111 1111111111. - Η. 11111111 111111 1111111111,1111111
11111111111111111111111111,111111 111 1111111111 1111111111 11 111111
111 1111,1ι. 111 111 1111111111 11 111 1111 1111111111111 11111111, 11111Ε

111 1111 111111 1111, 1111 11 1111111111 1111111111. (Ξ1111111111111111 111
111311 11111111111111ξὲ1ῐὶῗῖ 11111111 11111113111
111111 1111111111, 111111111111111111 111811111111. {grtelbgeffisse “¹¹1¹ng
11111 1111111. 111111 1111 111 1111111 11111111 8111111 11111 11111111111.
11111111111151111111....11111111111111111111ῗὲἓὲ
1111111111 61111111, 111111 ἦ1111111, 111111111111111111, 1111111111
1 1111111111111111111111111111111111111111
1111111111, 1111113111 1. 1111 11111 111Ἷ111111111111 111181181111111 111111
mun 111 11111111 111111 111Η. ω11111 11111 111 3111 3111111111 11. 1.
111111ἶὲ1 11111111111111111111111111111111111Ξῖ
1111111111 11 1111111111 1111 111111 (1111111111 111 11111111111111 1111111111.
111111111111191113111111«111111111111111
1111111111 mit 1111111111 111111 1111111. 1111111111) 11111111.
11111111.111111811111111,1111111 111111, (111111, 1111111111
1111111111111ἓὲ11111111111111111111111111
marchae, 11111111111 111 11111111 1111 111 1111111111. 11111
1111111111 11 1111 1111 11111111. 3111 1111 1111 11 111 1111111111 111111
1111111. 113111111111111ω11111111111 1111111111 1111 m:

 

