129

⁴²) 61111111 nomano 111111 1-1413). Ex 0111111111 11111111ιί111. Fr. 01111.
Gottl. de 1111111111. 111111 1111111 1111111111 111111 „Sum Joannis
61111111]Ι 1111111. (1111111.) 114. (101111. 1111111111, 1111 11111
1111 1111111111 1111111111). 1111111111. in Quart 93 111 111 1111111. 1111
111111. 1. 1111111.

[1111 1111111111 1111111 11111 111 12 Q. 111111. 11111111 111 1111111111
111 1111111. 1311111 11111 11131190, 1131,1141, 1170,1396,1410,
1411,1411 11111, 111 11111111 1111111111 (1111111111 1. 11111 11111111
11111 111 b1). {w --bffiieb 111111111ὓ1δ111ἒ1.ἓ1ι11111 1111ἓ11ῠ1ι11 111 gtgfilp
11111ῧ11ὓῠ1ῐ191τ,11ἱιῐ11ᾛῡ1111ἓ11ι11ἱ1ῲ1111τ1ε11 {muggam} geu‘aeeffqssdntggtfl,
111 11111111. .. 111 111 1111 1111111 1.1.1.”), 1111111 111 111 111111
1111111111 111 1111 111 1. 11111, 111111111111111111111111111111
111, 11111111111111 11111111, {zm Qitten 1. 1111111111 (m. 101-141,
1111 111111111111. 1111111111 11 111111 111111 1111111111 111 ὓ11111
11111, 11111111. 11111111111111. 1111111111111, 111 1111 3. 1133.
1111 1111111111111,111 111 111 111111111111111111, 1111111 1111
111 1111111111. 1111111 11111 11111111 111 1111. 1111111111111111

1111111]

η)’11.θ1011, 11111, (11 1111111111 111 (1111111 1111111111. 1503 11111,
1111 1111 111 11111111111111111111,111011 1141-49 11111111 111
Qun. 11111111111111111 111111, 1550 1111111111 11111111 1111111111
1111111111 {n 1111111111 1. 111 1111111 11 1111111111 111111111111111,
1. 23. 111911 11111111 1111 (111111111111111111111111111, 11111111, 1111
111 1111 111111 (1111111111 1111111111111111 111111111111111 11 1111 1111
1111111 1113111111 11111111 111 111111. (1111111111 1111111111 u. 111 11111101
11 11111, 1111111 1. 111111 1111111. (11 11. 1113, 1011111111. 111111.
311. 1111. 1111111111 ,3111111111 1111111111 111 Mag. Lucae Davidis,
111111. 1111111111 (11111111, 1. 1111. 1111111111ήί 111 1111111 111111,
111111. 1111111111111311111 im: ,,111111111.111111111. 11. 1. Q 119-114.
111111 811111 011 111111 11 111 11111111 1. 1111. 111111 11111111
,1111111111 (1111111 11111. 111111 111111111111111111111 1. 1111111.
111. 1. 11111111. 11111111 1111 111 11111111. 111 11111.,1111111111111
111111. 1. 1111111111. 1111111. 1111111. 1111111111 111111, St. 11. 1111.
11111111111111. 11. 141111. 11111111.1112-17; 1111. 11111111
1111 51111 1111111. 111 1111111 1111111111 1111111111. (1111111.
1817.” 1. 1 1111111111 [111. 1. Q 25 1111 ,1111 111 11111111 111 11111
11111111] 1111. 1111. Q45: ,11111111111111Ἰ 111111.
Q 111 1111111111 1. 1111111111.” 1111. 9. 111-1. Q 19 1111 11111111
1111111111 13101. 111 6111111111] 11 11111111111111. 111 11111111
111111. 1111111. 1111.) 111. 1. Q 111-131. 11111111111111111111111111
11. 111 111111. 111111111111111 11 1111111111 111111. 11111111111111. 1141.
111. 4. Q 311-360. 1. 1111111111 11111111. 11111. 111111111111111 Q 116
-241.

[1111 (1111111 111111 111 111 11111111311111 111 111 Q [1111111111

&w 1411111 11111 1111 11111 1111111111111. - 11111 113. 1.

11111111 111 111 1111111111, 1111111111, 1111111111. 1111111 111

9

 

