172

„ 1111111111611111111111 1. 1. (11111111 ὅ 11111.111111111(1111
1111111111111111111 111.. 1111111111

Qua 111 111 111. 1111ἓ111111111 ς111111111111111111111111111111.

111111 1111 11111111 1111·111111111ι1., 1111 1111111111 111 11111111
1111111111 1111111111 ιιιτι 1. 111111 1 111, 1416 11111 1111111111. mo
11111 111111. &a 1111111111111111111111111 (1111111111 111111 11.

11111111111111111111 3. 1111111.)
’1.11111111,111111111,111111111111111111.1111111111111(6111 ,
11111111·111111111111 1111111111 1111 11111 1111111111111. 111
111111. 126411.) 6111111111, &tud 1711. 4. 111111 1111 1111 {ita ἓ
,11111111111111111111111 1. 111111ῦ111111111111111111ι111111111ι
“ 11111 11 IV 11111111. 11111. 1. 61111111. 1771. 4. (aas 1111111111
11111111. 1111111, 11111111 11111 111111111111111, 1111111 6111111111
1111 111111 1111111111 11111111111111 1111111.) (1111 1111111. 11811. ¹
(1416.) 111 111 1111111. 1111111111. 111 1811111111.8111111.111.131. mit ¹
111 111111111ιί1 111 11111111 1. 3. 1771.,111111 111111111111; 11111 111
11111111 1111 111 11111111 1111111111 1-1119), 11 111 1111 111ῧ11111
111 3. 11111111 u. 111 1111111111 111111.

[111111 1111 111111111111111 1111 11111111111, 1111 111 ,1111111
1111111111 1111111,11111111111111 111 11111111 11. 1. 1111111111 3
1111 111111 1111111 (1.13-101 11111111 1111 11111 1111, ³. 1. 1
4111111 11 11111 111 11111 1111 111 111111. 111111111111111111ι 1
111. -111 1111 11111 ,, 11 11111111 1. 1111111111 1111111 111111 1
(ΞΒ-101 111111 1111111111 11111111 1511111 1..11111111,111111
1111111111111111111111111111111111111111111111111 111 ι
111111 11111111 1111111. ιι. (11111111, 111 111111111111111 E>n- 3
11111111 1111111111. 11111111111111111111 1111 1111 1111 ,11111111 1
Anno 771, 111 1113111111.1.11.” 1111111111 1471111111 111 ξ
111111ι111ετῳ111 S. lbssgtfflssb 5&443 11ἓ11ᾠ111111111ῇ1ιιτ1ἓξῗὲξξιὲιίψς 1
111111111ὼί ο1111111111111111111111111Ῐ,111111111111111111111111111 1111 u. 111111
1111111111. 1111. 111111 111111. 1111111111 1111111111. 11 1111111 1111 1
1111111111 11111. 11111 (1111111111 1111111111, 1161111111 1111. Dm> 1
1111111 1. ,1, 1. 1111111111 11111111 2Dr. 1111111111 11. 11), 1111111111 111ιὶ1 1
131 1111111111111111111111111111111111’Μ’ ¹
111 1. ὓ1111 1111111 (15111111. 111 11111111
1111111111 11111, 111 1111111111111111311
1111111 (11111111 <5 1111111111
11111111111111111111 1. .1131. 11111
1115. 111. 1. Θ. 711. 1111111111 111 11111111111111111111111111 111 1
&matters 1111111111111111111111111, 11111 ῧ111111111111
11111111 111 1111111111ῧ111111.1.- 6111111 1. (11111111111Σ1111 ,
111 11111111 1111 1111111111 1-16371. (1111111111111111 111 1111111 111
1111111-13111. - ,611 1111111 111 1111111111 31111111 Qud).
ῦ41-101ῢ1111111111111111111111111.11111111-117111111
111111111111111)11·1111111111111111ξὲ ⁷
1111. (ὃ. 13-131.) 1111111Ἒ11111111 X. 1111111 1111111111 ’
111113· 1111111111ιύ1. Θ. 115-115.) 11111111111111111311111 ’
1111 1111111111111. 111,1111111111111ι 11111111, 11111.
1111 1. 1111111111· -1149, 1111 11111111 1111111111111111 11111111 ¹

1811111111111111111111
Ϋ111111ῐ1ιῗςέᾓέαῗιι1ι11111ί1111ῧὲ11111
11111 11 1. 1111111111. &tum 1

 

