598

315515 ι. 0555515, 655551 555
551151. 31555. 5. 1. 15. 363.

5155111555ιὲ555 141.

Koblitz 398. 963.

Koch, 115151. 65. 150.

115155 13. 13.

3151535515 73.

11555155 17.

1515155155 154.

3511555 141. ¹

115151, 14151. 5.,111515115. Polou. 551-
1551. 157.

1155555 v. 15155551. ὕ. conrad 5.
1151155551.

Korne, Heydenr. 55. &- 1155555-
reich 55 K.

1155555,11555. 51. 341 fg. 450. 149.

- 63. 71. 340. 356. 359. 454. 455.
453. - Continuat. 456.

35515115155155 461.
115555555ιί 35555515. 6. vome·
1155555155 305.

155515 (11555551.) 69. 151. 314. 375.
474 15. (3555515) 63 15. 151. 331.
314. 375. 474. (775555115163. 151.
15555555.

1555153413.

1155555515 305.

11555555 335.

1755515,111555.5.51555155. 1. 5. 361.

11555155 Der 3555555 103-105.

Krotesohmidt 363 fg.

1151555, Ge. 13. 303. 313.

·- Ρ555551. 333.

- Wolsg. 73 fg.

1155555555155, 15551. 11555115. 371.
460.

1155155 31.

1155555155 96.

Kalpia-echium, 855. rer. Germ. 50.
149. 161. 353. 330. 333. 443.

1155555155 313.ι

11555555 v. 355155 160.

15555555. 134.

mmmm

1555555155 50.

lambert τ. 11551515 (3555545115.)
345. 54. 55. 56. 60. 150. 162. 331.
453.

- 55 77151555 533.
95555535115555555515155.115. 165.
&mamutium ιι. 1. ιιι. 130.
15555, Paul. (0555501115) 335 fg.

401 1543. 143. 447. (6555511555-

wmmm
Langebeck, Ser. 555. 115515. 163.
Langon, Rud. 5. 506. 493.

- Τ155515. 435. 51.

155155, 81515. 55 567.
15511155. Q. 6151555555.
15511155 153.

15151555, 115555. 64. 353.

- 15551459.

-mfflm
11. 155115. 11555515 313-313.
35515555555515565555. &- 35555.
15555 513.

155515 43.

15155115 (1155555155. histor.) 50 15.

mmmmmmm*
44⁸.(Scr.rer.1³runsv.)e1-e³.1so. J
mmmmwwmw ¹

456.
155 13315.
1555155515 anonym„ 61. 954.

15555515, Herm· 55 (65555. 11155)

513-510. 455. (chron. 655511. 3551- ,

5555.) 51. 434.

Leti 43.

1515555 (6555. (5555515116. (mnu
555. ιι. 151151 6555151431. (655.
111. 5111115555) 513. (655. 5. B.
5. 1155555.) 513.

1511551· 66. 309. 333. 409.

1555555511 1519. 151.

1150511141 379. 370.

,115515551555 5. 1. Fr. 15515133.

 

