m

laur, 1111111111 1111111, mm ΗΜ, 11111111 Dima, &mun
811111, 1111111111 (111111 ote!
„Sum 8111111111 Boram*

11111 Mamm 1111111111 11111111 1111111 1111111111 mm: ,0111111
don 11111111 hu& (111111 stenkel 1111111111 mit 111 11111111 1111111111
8111 1111111111 1111111111 1111111111 111 1111111111 1111111111 31111111
11111111 1111. Ao. 1111.“ (1111111111 1111 11111 1111111111 1.
“ 1111111111 1. 11111111.) 111. (213 6. -12901 11. 2. (149 6. 1. 1411-

11111111. (1116. 11. 1111. 1. 1111.) 11. 4. (114 1. 1. 111-1111.) .

11111. 11111111. 111. 1111111111. 141. 241241141111 1111111111.
1111111111. 1. 11111111. 1111. 1111111111 111 81111111111111. Prun. p. 11.

[9111111111111111 111 11111 1111111131111111111111. 1111111 1111
11111111111111111111..1111111111111
&affimativa 111 11111, 11111, 1111111111111 1. 1111111111 11111111.

111. 1. 1111111112 111111 11111111 111 111111. 1111111 ,1111 1111111111 ,

111 11111111111111, 111 111
1111, 1111 1111111111 111 11111111 111 1111111111, 111 &hm 111111
·111111111111111111111111 111
1111 11111111111111111ἇ111111111111 111 111111 nnn! 1111111111.
11111111. 11111111. 111 1111161111. 1,111111111111111111111111
Su 11111111 mmm* 11111111 111 111ῗό1111 111 11111111111111111]ι
,1111 1111111 . 1111111 11 11111. 111111 111 111111 111 1111 11111)
111 11111111ι ,, 1111111111 11111111111111 11 fretulam 1111111111
111 11111111. ,1111111111 1111111111. ,1111411 11111111 1111
breite! ,1111111111111111111111111111 1 1281111111111. „Qut
111111111111111111111111111111
1111111111.ΙΙ 1111111 11111 111 1111111111111111111111 11111111 (111
’ ’ 11111111111111111 [1θί’11ᾰ111τ1111π111ῲι 1111111. 1111111111ᾠ111ῐζὲη1291191111
111 11111111111111111θ11111 11 111 1111111111111111111Μιὼεῐ Μ M
111ἷ1119111ί1).111111113111111118311111111 gffffinffgifsse‘rtn 11111 111 111111
111111111111111111111111111111.1111111111
111 1111111111 11 1111111111 1. ὲ1111111 111. 11111111, 111 1111111111 111
1111111111111111111111111111”“11”11111111ξ113ἓ
111111 111) 111 gant 1111111111111 1.111111111111111111111111 1.,11111 111111
111 1111111111 111111111111 11 111111111’; „Ihstom 111 111111111111
1. 111111 111111 2111111111 111 111111 1111111 111111 -1.1.(1)11111 1.
. 1111111111·.111111111 11111111.111111111111111111111111ᾶί 111
111111111111111111 (ῶ111111111111111,111111 1111111111111111111 11),
111111 11111111 1111111111111111111111 11 3111111111 1111. >Meum
111111111111111111 1.,111111111111 111 1111111Ῠ111111111111 111111,
1111 1111111111 1111111111 111 1. 11111 (1111111141 1111111111
11111113. 1. 11111· 111 1111111111111111111111111111.1. 12³3; co-

11111, 111 11111111, &monim 111 §ms

11 11οῴ1111111

Ι {gr 111 1111111111 8111111111 111 1111111 1111 ἕ11111111).-ῶ11

11Κ111 1111 111111 fs. 1230 11111111111111111111111Ι 11111111
1. 111 1111111111 Pr.‚ 11111111111111111111111,1111111111111,

111111 11111111 61111111111111111111111 fid) 111111 111 11ῐὶ11111 111

 

