Liebieh'e 10666666016606. 1.1. 161.
66 6101616616 Annei. Pomer. 166.

31666666 (116616 o. 1.) 461.

161166, (166. Ε. u. 36.

- 16606. 613.

1166666314.

Lindemann 144 16.

Lindenbluti 64-66.

1666666606, 306. rer. Germ. 4616.
153.

1666666.- δ. 11066016 11660666.

1616666106 46. 336.

Lipsius 445. 446.

16166166 16 0066616 usurpatae 464.

Lindpmnd 345 16. 451.

Livius 475.

3161661. 6166666611 164 16.

106161166 36-40. 161.

31666 (11066166. 1. 016161. 6. 3.) 366.

v. 1666601616. Q 11660.

11666. 106666 36116 141.

1011016160. 16.

10606166, P. 411.

3666601166141.

1766166611 161. 304.

Lucae, Fr. (61616660061130406166
11666 66661066 0661066161.) 166.
161. -(061.366116660666.) 166.
331.

Lucanus 151.

1666160666 (iiior. 1116.) 16.

landolphus 311.

Ludwig (Reliq. mecpior. 610.) 71. 161.
101. 311. 366 16. (0616161166. 1.
111611. 311616.) 366-10. 316. 314.

31666666. 01666. Q. 016606. Line·
661116116001666. 541-644.
Lupuoiue, Prooup. 303.

on.

1166666666 306.

1166666616 46.

1111661166 01666166 54416. 6. uiuo
11166 0616116 641. uqi. Ulr. 116666.

1161166666666666666666. 676-
360. 66. egi· 366. - 0166166666.
01666. 61666 Anonymi (-1516)
311. 36616. 66. - 1366161666.
01666. (41 6. 016. - 1467 u 016.)
666. - 11666. 6. 0616. 161061·
11611. 6. 6. 0111166166. 340. 367.
333. 335.

inagnum chronio. Belginum. 46. 336 16.
441.

11616166 44. 45.

11666666, 0110 v. d. 463.

11661166, 0166. 311. 311.

·- Joh. 613.

idonei, concilior. 0011601. 311.

1166016666 Homul. 316.

1166660100666 (166. 11660106. 601666-
661.) 166. 63 16. (01660666. 11601-
1666. lingent.) 64. 156. (oenone
antiquitt.) 157. (611. 0601611.) ibid.

3666166611.

Marianus Seniue (1. 10116) 150. 641.
466. (1. 661616) 334.

1111661466.

3106616666 466.

116616166141.

11661066 01 nunno, Veii. scripit. em·
pliee. 0011601. 11. 166. 163. 366. 460.

1166116 v. Bolkenhnin 316. 361.

- 11616666. 341. 460.

- (iulius 156 16163. 304.
61061161 Ρ61061606116661 341.
1161116010ςί06 606106. colleg. 01066616

333.

quen 633.

1161166661 11.

1161166606, A„ 1616661166. 44616.
- 6. 11066660161666157 16.

1166116166 16.

Ex 1166. memoriarum 6. 16661111 (iio-
6661661466.

11606161 v· Pfdz 61. 416.

1166166661 344. 461.

1161606666 (366. 666. Germ.) 61. 146.-

’ 161. 310. 330 16. (66 Senon. inier.

 

