315

1111111111,1111111111 ,1111111111 ,111111111111 11111111

. 11. 3111111, 91111111. 6111. 01111. 111. 6. 1. 1111111111
1. fl. 10111. 151. ὢ. 111 111.) p. 11-90. ’1111111111 1111111111. 111. 1080.
1. 11116141 annales 111 0. 11.-1019. . 111-401 111. 1099-1017.
111. Vll. p. 191-116311. 1111111111 111. 1111111. 1111111. 1119. 1111
3111111111 111 11111111 1. 11111111. 1111111. 1. 11111111. 11111.
1911. -1111 1111111111, 11111111 1111 1116 1111111 1111111111, 1111 111
1111111111 111 1111 111111. 1111111111 11111 1111. 1. 1111111111,
1111111111 111111 11111 111111. 1016-1011, 11 11111111 111 11111111
111111111111.1.61111111 111 1. S. 103911111111111111 11. 111
1111111111 1111111. 111 111 101 1111110111111111111111. L. 111111
1111111111 11 11. 111111111 11 1 31 1111111111 111 11111 01111111, 11 11
11 111 ’103 11111 11111111 1111111111,1111 1111 111111113111111111
111111 1111111111 (111111111111111111 111111111111111111111, 111
1111111111 111 11111111, 11111111 111, 111 11111111, 1111111111π 1. 1. 11. 111
1111111 111111111111 1111111111 9111 1111111. 11111 11111111111111111
11101111. 111 1. 01111. 11111111 111, 1111111111 1111 1010; 111 111
111111111111 111111111111 111111 111 01111..11111111’1 1v. 1. 1011-1017,
1111111111. 111 11. 1111111111 1111ῧ111111 1. 9111111111 11 1111113111,
1111 1111.. 1111 1111 11131111111111,111111111111 111111 11111 1111
111 9111111111 1. 11111 1111111 111111111111111111111 1111111111111
1111111111. Ι.. 11111111 1111 111 0111. 111111. 11111. 11111111 11 ’1111
3111 1111 1111111111 1 Ducum 11 111111111 111 11111 111111 11111111
1111 1111111111111111 1111111 1. 11111 1. 1111111 affictum 11111 9111·
11111111 111.1111111111,11.111111111 1. 1011111 11111111 1111.
1111111111, 111111111111.911 ,11.1111111111111.(1111 1111,
1111111111161111111011111111 1111111111111111111111111·
11111110111111111 911919111111111 911119 18111 911113111131111
1111. 1111. 1111. 1111. 1111. 1111. 1111. 1011. 1111. 111. 011 ,1111

111111

1111111 111111111111111111111 1. 1. 1111111111 1111111111111 1111
111111111111111111111111.1111.111
1111. 1. 111111. 3111111 111 1111111111 1111111. 1101.) 11. 110. 11111111
111111 11111,11111111111111111111.

611111 [11111 stringen ¹!b‘tffimi 111. 11111111111111111111
11111.,11111111.1.31111; 11. 1111111 1. 1111111111 111. 11111101
11 1. 61. 011111, 11111111, 11111111.,1111”111111111 1. 111111
1111111111 1191. 1. 909. 911. 915. 930. 919. 9114. 997. 999. 1003. 1015.
1093. 1021. 10³2. 1030. 1037. 1089. 1104. 1101.1111111111111111.
- 911. 11111 ὅ. 11.) 111-110. Anu. Sancti 9111111111 a. 710-
10141111. 1. 911) p. 117 11. Αιιιι. 1111111111 1. 1-41017 (1 1 1. 908.
91191199011131-111. 111111 randi 111111111111111111111
111111. 1111111111, 11 111111 1111111111. 111 1111111, 111111 1011111111
11 11111111 1. 111111, 911ῶ11111111 111 111111111111011111111, 949
1111111ἔὲ 11111111111111911191.1111111111111
111111, 911 111 1111111. (0111111111. 11111, 969 ’111 1111111. 1111111
111111111111111, 910 gum 111111 111 11111111, 913 1111111 1111)
1111111111.11111111.1111.*1119119111111
1. 8111. 11.1.1.ὒ1111ι611111. 11111 (11111111. 1. 111. 1111111111 .
11111 1111. - 11). 111111. 111 911 11111111. 11 11111, 111111 . 111
1. 111111, 919 1111111111 1111111111 1111111111111111111111, 11
11. 1 111 111 1. 9111111111 3111111111 1111 otto 1. 1111111 1111.. 1111

 

