1211
δέω 11111 1111111 11(111103-11111111111111111ἷἰ ὲ 1
111111511111114 6 111. 111-1181 111111111 111 11 11111 11111111
111111 13111111111611-130111111ῦ1111111>111 111111 111 1111111
111. 111 Ι11111111111111 11 1111111111 111 1111111111 1111Ι 1111111111 111
111111111111 1111111ἑὸ1. 176b.-180b.); 111 11111111 1111 111 ἒὲήαιὲῗς
{ftntffi't zigaetsstffluetmffie‘bttngssd‘1235 Ὶξῖηξὲιθῧὲηἳὲἒὲρὶ 1111111111
1111111111ἶ1113111111111131111111·11 111111.ξῖῢῖ
1.1111111111111 111
3111118111 &mutila ξ1ἶ11ῃ11111ῦ16111111111οῗῖαιῖᾗ „⁸0¹2 1117-η-111ἱί11ῑῖι 111 1111
,1111101ξῖ1ι ῑΐιέεἳῗζῃὲειξι &affl 1ε111ι111ῗο11ι113111118111512101Ι 13111115,ο g‘tffi'ssg
111111111191111111111111.11111111111111111111
1111. 213-13111. 11111111111 1. 111 11111111 111 3111111. 11111111 11111

m 116 3 111

11111 11111111
1111111111 111 1 §mugen (1111212211.) 1.

111 11111111 ᾧ1;)111111111111. Nt. 44.) 231. 213-216b.; 111. 11111

1 1111111111111 111 1111111111 81111Ι ἳιῦτ-ἔῗῆ, 111111 111
1. 1111111111 1111111 11111 1ιῶ 11 11 1111111111ιῖ1 11111ἷὲ12 111ῃὲὶῖ
1111111 111113-1211. ; 6. 111 ἒᾳΰω 11111 111 6111111111 1. 111111
(1111111111 (1111111 11111111 111 „Em 11111111 111. 111. st). 111. 211111.-
²3⁰3 1. ,1111111111 111 111111 31 1111111111 1111111111, 111 1111111111,
““·’ ”⁶⁰¹¹ *15111 1“ 1111119113ὲῖ 11ῗῖ 111111 111111111111
11111111111111111111·1111111111)1

ss

111111111113111111111.611111111111111 1331111111
1111111111111111 11111111, 1111111111 1111 1111111, 1111 1111111111 1111111
11111111 11111111111811111811111111111111111111, mit 1111111111 11111
&teht 1111 &dalfina 11 11111. - - 311 11111 1111111111, 11111.. .
3111111 1111111111. (1111111111.) 1166. 117611.) 11. 4. 1111111111
111111 11111111 1. 11111 u. 1111111 11111111. 11111111. mi). 11191.
Lilienthal 1. 1. D. p. 11.

[1111 11111111, 11131111111111 1111111111, 111111 11111111 1111 111
111111111111111 11111111, 1111111111 1111 111 (1111111, 11111111 1111
11111 111111111111 111 11111111111111ἓ1111 11111111 1111111-111111
11111 1111111111 1111 111111111111111 111111. 11111 1111 11111111, 1111
1111111) 1111111111111111111 bin Qum 1. 11111 11111, 1111111
1111111. 1111111 11111111.1111111111111111111.111
111ῦ111111111,111 3 111111111111111 1111111131, 1. 111 11111 1111
. 1111111111 111111111111111..111111111111·
111 11111111.11111111111111111111111111111111 111 11111111
111 ιι 1111111111.1)111111111111511,111111111111 111 111111 111111111

1111111111, 11111 111 1111111111. 111 11111111 3111111, 111 11111111
1111 111111111111111111 .]

m

 

