111

111111111111111111,116111111111111111111111111111
111 14 194-141 111 11111 1111111 111 11111111111111111111·
111111111111, 111 1111 11111111 111 1111111111111111 1111111111,
111111 1111111111·1111111.11111111111111111111111·
1111111111. 1111111111 §Donate 1114111111. 141. 146 1111111
11111111. 1111 1111111111 1111111·11111111111111.111.ι41.11·
1111111111. 1111 111 1111111111114711111111110111111111-

Ξόἰέἓιὲῐ. 1Ξὲζ7111 ίἋ1111111111,κᾶ881110111113ἳ11ΘΙ11118111111111ἳίὶῗὲἲιῗιιῦ111.
’1,111111111111111111111111111111111(1111111111111111111111 ·
611111111ῗί1111111. 1111111111 anno 1181 111 1711111116111111·
1111. (1111 11111111 11111 111111 11 1111111 111111. 111111.1 1111111.
11701111 111 111 1111111111. 111 (111 1111111 au 1111111111 11111.
1111111111111111111111 111111 5111111111 111. 3. Q. 71-81.

[1111111111111111111111,11111111111111111111111111111111
etant 1111Ι 1111 δ11111111111111 1111111 1111111111111111111111
11111111 1111111 8111111111 1111111 11111111 11111 1111111 111
1111111111111111111111 1111111 1111111111 1111111111,11111

1111111111111111111111111 1111 1111111111, 111 Ιιι 1111111111ῗὲ

(11111111111111111 11111111 1111111111111111111111

Q 11111 1111111 11111111 1111 1111111 11111111 11111111, Quieta 1.
8111111111131111, 1111 11111111 1111111 11111111 111 11111 11111111
ιι. 11111111111111111111111111111111111.11111111.1111

11111111 -1111111111111 1111111111.,111111111111111111111111
3111111111111111 111111111111111111111111111111111111111

¹²) 611111ιί111 111111111111111111 11111111 (bie 1111111111 113111

11111. 1111 111 11111111 111111111111111 111. J. E. 14111.

ιι ’ · .- ’ 2
1111111111 1111ἲὲ1 11111111· 11 111111111111 111ἲῖ1
1. 1111111111. 1111111111 1. 1. Q. 1711.) 111. Q. 67-11 1. 1111111111
in 111. 1.11111111111111111111. (Qtettin. 1777.) Qt. 1. (111-11.
(Qet 11111111 111 1111 1111111111 1111111111 111 111131111111111111111111
Tabula Fundntorum. Qgt. 11. 11111 111 ben 111111 1111111. ς1111111111
11111. 111. 10. Q. 73.) -11111111111- 111 ,1111111111 01111111 annorum
1170-1466‘ 111 11111111111111 11111111 1. 1111111111. 11111. 111111.
sect. Π. 11111. 51111. 1111111. 111 19. 31111. 111. 1 111111. 1111
1111111111 1511111111 11111 11111111. 11111111111111. 11111111 111 11. 1).
1111111111. 111 11111111111111 1111111111 1111111111.Ἰ 11 1. 111111 111111.
1111111111111111. 1111111111. 1111. 111. 1ο. Q. 74-71.) 111 Qtt 1. 3111
111 11111111 1111 11111111,11111 111 1111 11111 1111111111 1113111 111
11711-1111 1111111111, 1. 111 1111111 111 1111 111111111111111111111111
,111113111111111111 111111111111111. 111111 1111161111 11111 11111
1111111 111 1111 11111 1111111111 1111111111 1111 111 111111 Qeite 1111
1111 11111111 111 1111ιὶ111 1. 11111111 111 1111111111, 111 11 111 11111 1111
11111111. 1. ιιι.“ - Qiue 111111 11111111 11111111 111 111111 111111 11
8111111111111 111111111111111[1111111111 „Annales 11111111 Olizon.

 

