395

1111. w. 11111 111111 (1111111111, 11111 111111 1111 111111 8111111111.
11141. 111 1111111111 11 1. 1111111111 1111111111 1111 1111111111 311
11111111 1111111111 111 11111 (111111. elne 111 11111111111116111111111,1111
111 111111 1111101111.1181., 11111111, 8111311111ς,111111111,1111111,
Patr. Albinus, 11111. 1111111111111111111111, Aventinus, b. 01111111.
11111111, Biatia , (11111111,1111(111111ς.0111111., 111. 8111 1101101011.
{ss ἱ11η.ι,“1.ᾓ1111δ111ῗ1111 111 1111111111, 11111111111 1. 11111111111111111111

1111111111111111111111111111 111 111111111111. (1 Q) 1611. 4.
[11111 1111111111 1111111]
⁵) Neerolog. Quodlinburg. 1. 11 11. 1. 11111 Q 361. 11116. 1. Extant.
0111111111. 1111111. Q 11111 1111111164. -111111111111 1111111111 111
111111 11 111111111111111 6111111111 1111111111111111111. 1111111111111
11111 1111111111 11111111 1111 11111. 11111111. 11161111ὓ11111111.

V. 1111 111111111111111111111. 1111111 111111111111111111. 1111111111. 1.
ὓ11116111111.-11111111“1 111111111111111111161. 1. cap. V. Q 161
-111, - 1111111111.1.ῦ.11. 1. Q433-441. - 11111111, 1111111.
11111. 1. 1111111111. 1111111111. 11. 1. Q 11 11.

¹) smum, (111111, (1518111111111111 111, 14 31111 1111 1111111
11111111 1111111111, 111 111811111111 1111 1111111111 11111111. 1111111111,
1111111 11 61111111 † 1604. 1111. 01111111 11111111111111111111111
11111. 4. Q 140. 11111111. 1111111. 11111111. (1111. 1. 11141. Q. 111. 111.
111111, 1101111111 varia inedit. Trimestre 1. Nr. V. p. 41 11. J. G. Leuek·
sold, Historia spangenbergensis 11. 111111. 1111111111 111 1111181111 11.
6111111111 cyriaci spangenbergs — -111 11111 (1111111111 1111111111·
1111111. [1611] 1111111111. 1. 1111111111. 1111. 4. 1111131111111111111
1111111 1111111111 19. 111111. Q 411. 1. 1111111111, 111111. 1811111111.
111 6111111111. 11. 1. 610311. 11111111.),11111111111111 (11111111,
111111111111 111 11111111111111111111111 1. ben 11111 1. 1111111111111111
11111111 1. 11111111 111 1111111111 u. 1111111111, 1111111111, 11111111 1.
(51111111- 1. 11111111 111 1111111· u. 11111111111111111 11111111111111111111
1111 11111 1111111111 1-1111). (111111161111141116.111. — 11111
1111111111111 ῶ111111111 11111111,11111111 1111111111 1111111111
,111 11111 1111111111, 6111111111, 1111111111, 1111111111, 1111111111, 1111111111,
ῶ111111,1111111111. 1111111111, ,1111111 11. 1111111111. 1. 11. 111111 1111111111
111111111111111111 11.(1111111111111, 11 1111 111111 1111111111 1111111111, 1111
11151111 111111111111111111111111111. 1111111111 1. 111 1585. 801. 1111.
11111111111111 111111111111111111111111111111111. 1. Q 1. J. O. Olearii
1111111111 111 (111. spangenbergs thtiften 1111111111 1111 11111 1.
111111 1111111. 6111111. Α. 1111. Q 301. 11111111 Β111. Saxon. p. 131-141.
11111111 1. 1. 0. 11. 1. Q 40 11. 11111111, 111111. 11111. 1. 1111

111111. 11111111. 11. 1. Q 11.

[111111 11111. 111 1111111111..111111111111111 11 1111111111, 1111
1111111 111 11 11111111 1111111111 11111111 111111111111111 11111 1111111·
1111111, 11111111 1111 1111111111 ιι. 1111111111 111 111161 1

111111111111,111111111 1111111111111111 11111 0111 1111111, 1111111111

 

