273

81111111. 1119111 1111. 1111111111 111 11111111. 111111 111 1111111
zeum 111111 1111111,1111111 1111111111 1111111 11111 1111111 111.

Μ9111 199111 1. 8111111111 11 111 1111111111 1. 1191111111 1111 1111
1.*11111111111191111111111111111111911 111. 1111111

1111111111. 1111111111 11,111111111111; 1111911 1119911111ιί 1
11111111 [111111111111111111111111111111111111. 1111111111 11 (1111 .
11119 11111111. 1. 1111111111, 11111 111 1111111111 ὓ11111 1111 {tbi}
111111111111191111111111111111111111 111111
1111111111 11111 111111 1111111,11111111111 J 1111111111Ιί 111111; 1111) 1111
ohannes [1111 13591111111111111. 11111 1111111111111,11111 111 1111111111
1111111111 1111119111111111111- et B1bl1ograph. Silas. p. 63-111
11111111,1111111111111111111111
Ρ11111111111111111111 1111111111111811.ΧΙ11.1111[111 1111111111-
ze} 111θ. 1111. Nnfil. 11111 1111111 1111111111 11111111111118111-
11111111111111111 11111111 1111111 11
ᾧ. 7-10 11111, 1111111 1111111111 111111111911111. 81111111 11 11111111
1111. 1111111. 1111111111. 81111111. 1911111111. quos Biblioth. 1111111111-
111111.111111. 1. 1821. p. 5 11. 1111. 191191. 1111111111 1111 11 111111
1111111111111 1111111111111111;11111111
’1““”·11111111111111111111111111111111111ἱῇ1ξὲ
1111110111111111 111 (11111111 11111 1111111111 111111Ψ11 1111111 61111111
1111 1111111111, 111111111111111 1111111111 11111 111111181111111111.
11. aud> 1111111111 1111111111 1111 111111111111111111111111111. 111 1. 911111,
111 1111111111. 111111 111 11. 311111, 1111111 1111 1111111 111 11111 11111111
11111111,1111111111111111 1111111111, 11911 1111111111 11 ,
911111111111111111· 1

11 1111111111 111111 111111
111ἓῖ11111111111111· 11 11111111111111

., . . ., · 1.

1111111·1111111111111111191111111111111ἒὲἓῖ
111111,’111111’111111111111111111111111111111111
1111111111111111111111111111111
1111111111,111·11111111.1111111
1111 1111, 1111 11111111 11111111. -1111 1111111.,111111111111 1111 1111111191
11114ῖὸ1 11111111, 111111 111 1111111111 111 6111111 11111111 111111
11111111 1. 1111111111. 1111111 1382,n 111111 {te 111 111911111111111111111
11111111 111111 1111111111 1111. 111111 111 11 11111111 11 9111181 9999ιὲ
11111111111111119111111111111111.
11111111 12 3 1ῗὲἓοὶἓῖεέ ἑῗὸὲαὲιῗοη.. 111 11111111 111 111 111111, 1111111111 .,
1111111 1111111111 111111, 1111111 1111 11 1111111111 111, 111111 11119111
9911111111 11111111 311111 111Ι 1111. 1111111111 111111111111.(111111;

1111. 1111111111 1111111. 1111111111 111 1111 S. Adalbert13

18

11111111 aalma& 111

infin. 9111111111111111 1111111 11111 .

 

