227

16611. 1111 11111111 3111 11 11 111 1111111 1111111 1111111111111111111
11111111 ιι. 1111 1111111111111 6111111111 1111111111, 111111 1111111111,
111111 11111111 111111111 11111 Pomemnorum Res (111111 Personantem
81111161111113111 1697.1 1336 11.) 11111 Qube 111 11111111 111 1111
1. 1111 111111, ,11111 111 111111 1111111111 1111111111 11111111 1113111
16931 1.11.11111.” 11111111. 111 111, 11111111 1111111111 1111111 1111
81111111111111, 11111 1111111111111. 11111111, 1. 111 11111 1111111 111111
1111111111 111 11111 1111111111111 1111111) 111111 111 11111111. 11811. 11
111 ῡ1111111111 6111111. 111 11111111. 111 3111111111. 11111111. 1.
11111111 11111 211, 1111111111 1111 11111111 1111111111 111 91111111111111
11111111111111, 31111. 1111111111. 1111111111 1111111111. 111 1111111111.
mestum). 1. 61111111 1111 11111111 111 1. 11111 11111, 111. 56, 1111111.
1111 1. 11111111111111. 1. 6111111. 111111. 11111111 11 111111. 1111.
(1.1. D 6. 101-106.

91ξὲεέ3111971111111111ΞΥ11ΙΪ11ζΛὲἓ11ῗ11ἲι11111111..,ἑ1311ῢ111’ᾶιῑιῖ111
111 11 111 1111α111111ἒ111111111ά11 11111ς1111ηέ1ῃ11111111111ΐ1111111
1679111111 1 116 1113. 1693111111, 111111 111111118111

1111111. 31617 1111111111. 11311111111,,111111” 11111111 (l 1111.
mab? 111-11111111111111111111111 111
6.19-113.1.1164-161711.1. 1111111111111 1111111111111.1111
1111111111 11 1111111111)- -1111 1. Ut: ,1111 1111 1111 111111111 1111.
1111111111111111111111111111111(111111111 1111111ΐ111111ι1

11111111 11111 1111111111 (111111111111111 11111111181111111
11111 11. 111111111111 111 111111 &am 111111 Schwantibor 1111 1111111
11, 111 11111111111111 1111111111111 111 11111 Ρ11111111111111
’ 81111111’-111111,11111111111111111111111111ἓ111111111111111
3.161711111111,1111111111111111111111 1111111111 11. 111
111111 1111· 1111111111111111·1111111111111111
1111127111111110111117311 111 1111Πὲ 11η(1111111ᾶ111ῠ11111111111ἳ111 1111111111
111111, 1111 11111111 111111Μ111111111 ,1111111111111111 111 11111111.
1111111111, 111111111,111111111111111.11111111111111111111111
1111.11111111111.311.111 1111111111 1111111111 1. 1611- 1679,
111 11 1111111 1111111111111111 11111111111,1111 111 1111111111111111
3111 11111 111111 111111111 11111 1111111111 111111111 111111111111
1111111. 1111111111 1111111111 1111111 111 111 1111 1111111111 1 (Θ. 1
¹¹⁹³ Μ· ”¹²¹ 1111 11111111.1111·11·1ἓ··111111·111·1
ῑᾰ11Ξ1ἶ1ἑ1111111112111111111. 11 111 111111111111,11111 1111111111 11
11111111111111111 11111 1,111 11111111 11111112. 1111,
11111 Ῠ1111 1111111111 11111ἳ111111 1111111111111111111.1113111111
111111111111111111111111 1 1111111111 1111111111. 3111 1. 1. 1111
ffigt 111111111111.111111111111111111111111111111111111111111111
111111111111111111111111111,111111111111111111111, 1181111111
111111111111111 11. 1111111 1111 111 11 11111 1111111 1111 11111
811111111,11111111·111·1111111111111111.1·.·11Ξ111111
&meust 1111111111 11111111, ,11111 1 1111 1111111111, 11111Μ111 11111 1111

1111111111111111 1111111111111,11111111111 111111 11111111

N

 

