439

111111 1111 111 111111111111111111 11111111111111 11111111, 1111111111
111 1 111 (1111111111 1. 11111111 111 111111111111111111111111. 1111111·
1111 ’111111 1111 11111 111 1111 11111ᾖ1111111 111. 11111111 1. 1111111111
1.11111161111111111111111111,11111111111111111111. 1111.
&tiber ’1 (1111111. 6116 11, 111111111 111 1111111 111 Θ. 111 11ι
111111 11111111 1111111111 111 111 11111111 1111111111 11111111111111
11111111111111111111111111111·

, - . . 1 1 1
ὒ1111111111 1190 1. 111111 11111· 1 1651 ; 11111111111111 11111111
1111111111 111111. 1650. 111111 1111111. 1. 111111 11111111 111 11111
111; 111 1111111111-111] - 1111 11111111111111111 ,111111111111 1
1111111111 11 111 151111 1111111 8111111111 111111111 11111111 &mags
1111111111111111” - 1111111111111111111 111. 111 1111111111 11161111
1. 1111 ,11111111 6111111111 111 1111 61111111 111 30111111111111111, 111
111111. 11. 11131111. 1111--1111 111 11 Q, 11111111 11101111. 111
&taut 111 1600 11111Ε11111111111. 111111 111111111 111111111111111
111 Β1111111 11. 111611111111111111111 1. 111. 6111111 [1111111111
1111111, 1111111, 1111111, 1111111111, 1111111111, (111111,
’11111111111111Ξῖ*11111..111111111111’ 11 111·
1111111111] 111111111111 1191111111 1113111111 301111. 11111111 1. 11111
-101, 111. 111 11111111111111111111. (1111111111111 111111 111111111111
1.,111111. 1111111,111111 111. 111 1111 1111111111Ι 1111ἓ111 1111111111 1111
111111.1111111111,111111111111
1111111111»111151111111111111111111111ῗί1111
1 1111111.11111111111. 11111111111111111111111111 111
111111. 1111 111 1111111 11111111. 1111ὅ1111 111111 111 11111111. 11111 {tam
ὣ111111111,111 111 11 1111 111111,1111111111111 01111111111,11111111
1111111111, ,11111111111’101111111., 11111111 1111111111, 11111
11111,(11111111.11111111111111111,111.11111111111.,11111 ,111111
111111, 11111111, 1111111111, 111111111111111111.1)111 mens..
111111. ab isselt, 111111 1111 111 11111111111111 111 111111111 111111
lid, 11, 111111 1111 1111 11111111. - 11111. 111. 111 (11111. 1. 11111111

[Θ163-1101- 1111 111 1111111111 ,111111 111 11111111 11111111 1111

11111111111111 11111111 1111111111111111111111 &veti 111111,111111111 111
1111111 ex 11111111Β11111111111 reliquiis, Registro westphaliae 11111 11111111
antiquitatum 11111111111111111111111111, eum insignium earundem, 1111·
1111111111111111111111’ -11111111 111111111111 11111111111, 111111 11111
111, 111111 1111111111111111111111111Θ1111.- 11111111· &tu 111
1111Ὓέ1 1111111111 1111111111111911111151111ἶέ ,
. 1111) 11111 3111,11111111111111111,111’111 11111111 1111111111111 ,
111 1111111111 111131111111111 11111 111 111 1111111 111 &abt 1111 11
1. 111) 1111111111111111111 111 6111111 11111111, 111111 (111111
111111 [1611 1. 1111111 11111.,1111111 11111111,111(1111 1111111111,
1111111111111111, 1111111111111 1. 1111111) 1111111111111 1. 11111111;
† 1661. 111111111 11111111 11111111111 1111 111111111111111111111111.
111 11 11 1111 11111111 1111111111111111. 1111. 6111111 11111111. Θ. 111

· 1111111 1111 8111111 11111111 1111 111 111111111101111111111111111111 111 111111·
111111 111 ὁ. 8111111 1111111111 111 11111 1111111.. 111111. 1818. - 11111111111111111111 111
m 111111111111111111 6111111111 111 1111111111 11111111 (1111111111. 11111111 111 111111, 111·
1111 111 mmm. 111111111111 81111 Durium perductum 111111111111 1111111111 111111111
1111111111111111111111, necnon campanarum 11111111111111111. numerum, 11 1111111111 unqu·
111 num 111111111111111111111111111, mma. 1111.

 

