Μ

1111111111. (81.1 11115111 6. 111 11111111111,111.1.1111111111

11111117111110. (111111111111111111111111111111,ι111 11111111
1111111111 1111 1111111111 1111 111 1111 111111111111111116111·
1111111111111111111111111 111 1111119111111.111111 11111111
11111111111111111111. 111(11111111111111111111.1111111111, 111

1111111111111 1111111 11111 111 111. 111 1111111111 11( 11111111.

111111ιί111 1111111111 1111, 11111111111111Β111 1111111.1.14.Τι-
11111111111111111111 1111111 11111111 1111111111110111111111111111
1

11111 11111111111111111111111 1111111. δ,111111 11111716
8111111 111111. 1. 1111111111. 1111111. 111 11111111111111. &xlx-XX
11111111111111.11.111(11111,,.11111 111111111111, 11111111

11111111111111111111111111111(1111111111;11111111111·

1111111111111111111111111171-15141. 1111111111. 111 11111111

1111111111 111111111111 11 1111111111. 111111111ι1,111(1111111. 1711. (455 Q,
111111 Θ. 1-18111111 111-1111 ,1111111111 1111111111. Dbct: ut·
1111111, 1111111, 1111111111 (1.1111111111111, 1111111 111 111111111111111·
1111 1111111111- 1 111111111111111. 1111811. (³10 1111 111111. 111,
1111111111 1111111111 1111111111) 111( 1111111111111111111111.
1111111111, 111, 1111111 11 1011111111 111 1. 115111. 15⁸³ 1111111,
111 1111 111111 eben 111. 1111111 (1111111111- 1111 11111111111 111
11111111111111111111111111 1. 1518-1513 1111 11111 111 1111111111·
-11111111 111, 1111 1111111 111 111111 1. 111111. 1111111111. 11111111,
Hs. Germ. Fol. 13, mit 1111 zita: „Ecclesiastica 11111111( west·
1111111111111111111111111111. 1111111. 11111111 1111111111 111
1111111 1111111111 11111111 (11111111111111111111111111111111
11111111 1111111111 1111111111111, 111111 111 1111111111 1111111, 1111111
11111 1111111111111111111 111111111111 111111, 11111111111111111111 111
111 1111111111 11111 111 111111 11111111 111 (1111111111 111111 1111111, 1111
11111111111111 111111 111 (1111111111, 1111 1111111 11111 111111111111·
111111111111111111,111 1111111 1111 11111111111111111 Sat 111 11111111
11111113111111111111 111 1111111 (1111111111 1111111111, 1111111111, 1111111·
111111 1111111111 111 111111111,1111,1111111111111 1111111111111111
11111, 11111111, 1111111111111 1111111111111111, 111111, 11111111, 1111111111
1111 11111111, 1111 1111 11 1111111111 111111111111111 111 31111 1131·
111 31111 111 1111111111 111 1111111111ιέ (1111 2. 111111. 11 111. 111
1.111111111111111111111111, 171. (11111 Η1111111111111. 1. 1311111111·
mann 111 D. 1111111111 1111111111 D. 11ῧ1111111 α. a. D.

61111111. 1. D.

*1111111111 1 111111 111 1ι11111111111111ιι 111111 1111111111111 1111110·
1’111111111111””1’ιί11ιί’1’1“ἑ’1’;1.ἰιι’”ιί(1] ιἰ’1ἰἰ”(’ἰ ”ι”“’1’(’ 11 11 ’11Ξὲ ’11111 ’1111111’1’1’1’1ιι(”’1’1ι”’
1111111111. 11.. 1111111 11.1111111111111111
ὀ”’ ,ι,”11ἰ’ famen ”1ι(ἰἰ”” ιιι ιιιιιι ιι”1ἰ’ἰιιιῗι’1’1”1111’’1111ι”ἰἰὶἰίιιι’11ἰἷ”ιίἷ”ἰι”ι’”ι’
mitigatio nonni? ’‘w'' (111111 1131161111(ιῖ 11 “finib ὣ ”ww
ῦιιηιθιιιιίιιιιι (111111111111111111111111111 (11 11111 (1111111111
{¹⁸:¹¹² ”ι”ιίιί’ ’(111ιῆ’1’1’””1ιι”’’11111”ι”ι”1ιι’ἰ”’1ἰ’ἰιι’ἰιίιιί”·ιι”’1’11’1ιιί’”ι’11ι’”ιι”1’11”σ’
ιω1.).’,111111111111 1111111111111111 1111 1111111111 111,11 ιιι 11111 ιιι’(11111 11111111·

 

