597

samius 15. 16. 11616166 1v. 166661. 56. 60.
361666616. Q. 1116616116 v. 561. 1161666161. ὓ. 66161166.
16666661661133. 1666666161 64 fg.
Joachim 10. 116661 366.

5666666, Ser. 161. 11666666. 366 fg. 1161661564.
36666666166161661716.156177. 11161166 (116611 6111461.
1ο66(61)6616. 6. an. 1616661666.) 11616166166, 166. 660 tq.

16 fg. 16. (66666166. 6. 11161161. - Boin. (annotata) 651 fg. 666.

6. 81666166.) 16. (66 antiquit. 61 (6161616166.) 461. 56616.

6116166111161. March. Β1666.) 16. 11616661. v. Landsbergk 133.

(666161 6. 6. 6111. 16 1066666116) 1161116661 63. 369. 456.

131 (ς). (116111. 6. 3.) 16. 1666666661 (111616 66( 1111661161.
6666666176. 161169.) 451. (1116161. 6166661. 66
366666. 6. 5666666. 1616661666611. 6666661161.) 601-
366666 1. (16666 316. 603. (116111 616666161...616116 66661.)

- 66 1666666 339. 401. 610. (Furoris anabapt. 116666161...
- 66661161. 6111666611. 6161166116 616161. 66116116.) 610-
- 0111616116 v. Rimuburg. &Lin- 613. 457. (6. 6. &t 1111661111) 497.

66661611. (06161. Episcop. Padiborn.) 616 fg.

- 66 11666 0616161 171. 6166666616 6666161. 6661611.
- v. 6. 1661116. ὓ. [1666661611. 460 fg.

-· 1161611666666. 360. 6111166661664. 166.

1611666611 179. 11116616ιὶ61 46.

1611666666 300. 319. 361. 149161. 1161666661. Θ. 0661666666.

153. v. 1111661161 140.

566166 71. 366. 390. 1111161166 171.

1616666666 306. 111616661666, Geth. 490-496.

566166. ὅ. 66661.. 61116161. 466.

1166666616166 417. 111666166611161. 161-167. (6166666
116. 6. 66616166. 6. 1. 66.) 163-

³· 161. 166. 666. 116.

thess 15· 1111166616166166. 6. 1. 8666666661.

Κ6616666 66. 66616616 167 (ς). 156. - 6666166161 66166. 61. 6.

166104. 313. 66661. 1166616616. - Nic. 6
116166 140. 11166161. 16161661. 06166. 61. 1166
1161666666. ὓ. 6661616611. 16116616. - 6111661616, 0616616.
1166616116616161 331. 414. 413. 457. Ρ6166166166 616. 6161661116616.
1166661166 v. 66161666 61. 67. 161. - 611661. 61666616 1166 11161661·
11661166 176-171. (61166. 6. Ψ. 16 66666 6. 1. 16. 171 [g.

1166616661ῐῴ. 6161.) 176-160. 67. Klepping 461.

151. 161. (166166. 6. 1). 16 1661 111611 611666166666161131.

6661166. 661.) 160 (6. 67. ((6616. 1016616666 617.

8166116) 161. -11666116616696 1116611661 517 fg. 331. 461.

61666616-11661661 166666. 6. 1. 1116116 461.

8666616661. 111666 160.

 

