318

1 11111111 11. 1. 1. 1111111 111 12. 311111 1111 111111111111111)
1111111711111111 ense 142-1917 (11). ,28 11.301111.ἵ111111.
1. 111 &tantuna 1111111111) ,11-32. 9111111116111111. 111111·
111111111111 111 1125 (1111 1111111111111111. 111 1111111111 311111
1111111 ep& 111111 11111 1111111111 111. 1. &duam b. 11111111· 11.
1. 1111.. eg 11111111 111, 11. 11111111 1111111111, 1111111111.
3111; 11. 111 11111111, 11111111.,11111)11.1.11111111. 1111.
p. 162. 166. 167. 171. 174. 171. 176. 177. 176. 179. 113. 164. 189. 195.
201. 209. 207. 227. 231. 217. 242. 219.) 133-261, 8111111111 Gem-
1111111. (11114 111 1111161111. 1, 1111. ιιι 11111110111.11
. 65191111111. 311-1112111. 1111111111 1111119111. 61111111
. 1111111 311111 11111 1111 (1111111111 111 1111111111 11111 1111 81
1111111111 11111111111111111111 1111111 1111 111111111111111,
11111 111 iugem. 1111 11 1111111 1111111111, 111111 1111111111 1111
flaba: 1111111111. 1. 1111. 111111 1111111 111111111111111. Bergk

1. 822. 922. 939.) p. 300-374. Anselmi Gemblnc. (11136) Con· ,

1111111. 1111-1191(111. 1. 1121) 1311-381 'Ana 1111111111·
denses 1. 1121-1137 1111 1111111 1.111111111111,1111111111 mit
11111111 111. 1111111111 1. 11111. 1111111111.. 111. 111 11111111 1. 1111
111 11, 11111 6111111111, 11111, 11111111.1.11111[111.;
11111111. (1111111 111 2 1111111111. 11111 praepositus 1111ὴωί111111.
1111. 11116. 1611536-141. ’1111111111 811111. ’141ζ-1139 od.
1111111 11111111* 11111112111111 11111111111111
111111111111111111 11. 11111. ἐ111) 11 111 111 1111111111 11111111111111
11111111 11111111 1111111111111111111111 111111 1171111111, 1111111
1111 1111 1111111 61111111111 1111111111 1111, 111111 111111 1116111

11111111111111 11111111.ι111111111111111111111111 111 111

1111111111111111 111 1118111, 111 1111111111111111181111111 11111

1111111111 111111111ὧ11111112 1111111111 11111111. u 1111111111
11111111 111 1111111111. 1111111111, 111111 1111611111. 11111111111111
Ἢαςδ111111, 1111111111, 3111 ιι. 111 111111ὓ11111111111 {idn}
1111111111 11111111, 1111111 auf 1111111 1111111111111 1111111 11111-
111111111111111111 111 111 (11111111 111111 (1111111 1111111111. 31 111
1111111 1111111 11111111 111 1111111111 11 b?
1118ιὲ ζ 1111111 1¹:1⁸1 ama 13⁷5?ssss ffljnssssfff'effisspffffig‘}
111-1012 (111111111111111 puber-gii. 1111111. 1241. 111111
1. &temen 11111111. 9111111811111111, uberi. 1. ἲς. Q. 111. 91111111.
1111111111 111)111111111111111
111111,111111·...111111111111111·11 11113111
111) 1111111.1·.1].“11 111,1.).111111211111111.’1111
111111111111111111111-1424 u. Supplementum 1. 1412-1472 111111
1111111111. 1111 111 1. 11111111. ιι. 11111111. 1. 111 et, (1111111)
...11111111111111111111.11.1”;.11.11)”1111ἱ111ῑ
1111111111111111.1-112,1(ἒ1.103111. 11111111111111111111 1
1ξεῖ {mam-‘f 1111911111ιῴἐῦ ¹57.) p: 434-501. 0111111111111111· ’
conns 11124-11641111111111 111 1111 11111111 ab. 1111111111
ιι. 11111111 1. 61111111. 1. 1111111111) p. 101-531. Amnum
Kallinousa 1. boa—1269 (111. 1. 923) p. 591-131. 1111111211·

 

. 111111 11111 1116111111 111111 bv ss

