138

1111111111. 11111111. 111111111111111111.1111111111111111 111. 5.
1’1Θ11111211,61118113; 1111111111. 11 11111111, 11. 1614. 1111. 1111111111. 11111111.
111. 4. (ἔ. 111.) Oratio dc statu Borussiac 111111 11 novo. Frcs. 111, V. 1
1614. 4. 1. 11 1. Act. 3111111112. Θ. coo-533. ’
Rffsnpuplipcgiciigpemcibu 11Ἱ1111111111111111 1111 (1111111111 1111111111 111 111
„ 111, 11 111111111111131111111111111111111111.11.] ᾖ
⁸⁰) 111, 1111111, (1111111111 1111111111, im 11111111 111 1131111111), 1

111111111Ρ1111111 1-11161 Sub. ... Auspiciis . . . Chr. 111 81111111 1111111111,

.. episcopi Varmicnsis 111. Nunc primum in lucem edita 1104. cop-534.
ὢ. 1111111111 Amstclodcmi. 1716. 111. 1111111111111111111111111
1111111111 11111111 11111. 1ο. Θ).

[1111111 1111 1111111111 1111111111 111 1111111111 111 111111111111111
111 1111111111 1113161111111111. 11111111· 111111 1111 1111181111
111111 11111113. 1636, 111 1& i& 1-11111. 1111111111111111-
11111111 Episcopatu 1111111111ρί11 Ecclesiae Varmicnsis. 130 ὓ.) Q 505-

111-11 .1. ὗ. 1-61.) 1111111 iic& 1111111111 1111111111 11111
11111 111 1 111 ἔτη 1111111111 1. 11111111,11111111111 1111111111 11111 ’
111 11 111111 1111111, 11111111111111111 11111111, 111 1111111111,
111111111111111111111111111 ιι. 11.), 1. 111 111 111111 111. 1111111111111
111 111111111ὶῗ 111 1111111. 1111111 1. 1111111111111111 111 11 1111111111
1111111111111111 1111111111.(1111111111111 ¹
11111111 111611111111111, 1111 111 111-111111111111111111 111 ’
ἓ11111 11111111 1111111111111· 1111. 11. 6. (ὓ. 111-3111 111 (11111. ’
111 1111111111111.1111311111111111 1. 1140-1466; 1111. 1. (ὦ. 315- 3
1411111 Scit 111 1467-1511 1. ί. 111 11111111 111 111111. 11111111
111111111111.; ὦ. 347-414 111 (11111. 1111111111 111 11111111. 111 ¹
111111 111111 11 111 111111111111111111111. 1. 1111-1121 1111111 ²
1111111111 1. 111111111111 111 111111111111 111 11111111 (ὃ. 111-4111
&cib-503 1113111 1111111-1616 1111 111 111111 6111111111. 111 ’
1111111 111 Θ11111111111111 111 3. 161111ς (ἲ. 103 11. 11. 1626-36. ἐ
1111111111 1111111111 111 111 1111111 11. 111 ῧ11111111111111 111 111. 1. Ῐ
1111, 11 11111111 3111, 11111111111111 1111111111111111 (1. 1. 1111 Ι.. ,
111111 11111 111 11111111. 11111 1111 1515 1111111111111111111111111111 ¹
L. 11111 111 1111111111 111 1111111μ 1. 111, 111111ω111ᾠ1111111111111υ gig
111 (1111111 1111111111 1. (Ξ11111111,111111111111 111 1111111111, 1
1111111 1. 1111 11,111111111111 111 1111111111111111111111111, 1111 111 f
1111111111 111 11111 111111, 1111111111 1111 11111111 (1111111111. (iim
11 111111111. 111 Θ11111111111111111, 111. 11111 1. 1111111111, 111. 111
1111111111 111 1111111111, 111111111111111 1111111111 111 1111111. 111-111
11.*’1111111111111111111111111 1111111111111111
1111, 111 1111111111 1111161111111, 111 1111111111 11111 111111, 111
1111111111 111 1111111111, 1111111111111 111111111111111111111111, 111
1111111111 111 11111111, 111 111111 11111, 1111111111 111 11111 111111
. 1111 11111111 11. 1111111111 (1111111111 111 11111 11 &idm mum
11111 11111 111111 111111,11111111111111 111 1111111111 1.1ἑ1.11.1,111111 ,
11111. 11 111 11111111, 11111111, 11111111111111, 1111111111, ¹
11111, 11111 6111111111, 11111111, 111111111111. 1111 1111111111 ’
111111 i. 111111 111 11 111111 11111111111111111111 1111111 1. 11. 111 111 ἶ
1111111111 61111111 11111111. 1. 1111111111111111111,111 1111111111 p

11111111111111111111 11111111 11. 1111 111 111

 

