61161111 777. 666616 666.
1166166666661116611...16 6166111. 66111166, 11661. 666 11.

61111161 466. 6611161666 667. .
6116166 766 11. 176. 761 b. 6661616610616161 461. 666. ¹
6661766 66166. (61.1161116166176. 76. -1161 6. 7166161616. 111166. 61666.
1666111 74. 76. (1614661467- w 6. 1111616. ι
7116 16616 66611166 01666. 116611. 6661666666111.1617111616.)

66611 11666616 11611. 467. Ι
6166661166 176. 1761161166.86116 1666. 466.
61616,Ι.66. 176-161. 67. 767. 674. 6666161666.

666161, 766. 167. 616166 746 fg.
Descriptio civit. 61 region. 111 16116616. 6. 6661111166 466.
plag. 66661. 666. 616. 6166166 616.
- 61661166.1161161.1.616. 6611116166 66. 667.
-· 6666616116 176. 174. 6616661166, 6166661166. 446. 674.
6661166116 6661116661. 0611. Β. Bono& naburg, Pet, v, 6, Pater 6. 6666.
0661161. 66161616. 616. 466 11. α.
6611666, 66611161. 6616616111. 64166. 1166 254.
161. 161. - 6661161. 66116161. Ebelingiun 66.
61161616 61 6616 616. 766. - 61111661 merbach 661.

6661661. publ. ibid. ’ 6661116661 1111166116 661. 66.

61161666 6. 6116611661. 6116111 1. 6666661 (corp. 1116166. mod. 166167.

6.61666611.61611 761. 119, 111. 661, 300. 116. 340-842.
61111666 11611616166616 616. 747. 466, (11161. 3666161166. 66161.) 1
1776111111 683. · 167. 671. 376. 407. ’
6766116611. 66111111,866.166..111161666.616.664.
6161161161 v· Hmbutgk 509· 116161666116666166611111616611616)
6166166 6. 1. 61161 &ebbe 241. 3161616166. 6611666166)671.

¹ Dio 0161161 6666616641. 476. 1111161661 646.
meum (116 11611666 111161. - Hu- 1116111611 666.

611116 Brund. 11111) 18. (do Pseudo· Eichler 608.

wadon.) 17. 1116111661, 1111. ab 763-766. (466.
61616611611161.116166116616719. pomer, 166.-101, 115, 1⁷4. ..

766. 664. 676. (1116116 1661111111.) 0116616161661611111116616 661.

716. <Bannatia prutenos.) 166 fg· Pom. 174. - 1116116616 16666611
661666, 1166. 1111. Rom 66. 167. 766-766176 - (1666616111 666

761. 661 fg. 677. 666. 761661. 766 [fl. 174. - Βεῐὶ111 6.
6666116 16. 061616616111616611616161066·
6616611661 46. 616. 664 6661161· 61616 6. 1. 61. 716. 7141

11166166 1. 664 611116 461.

66661166 161. 66166161.- con· 116166161661.) 641 11511. 61. 66.

11111111. 331. 414. 676. 461. (6111166611 Impar.) 64.
1761611611 614. 66. 60. 160. 763. 370 fg. 344. 461.
6611666666 446 11. 446. 0116166166 61166. ὅ. 116166. 1.
16611161 666. 01166661 6. chron, 1161161.

 

