546

1111 1111111111. mem. 5. 1461-1111 1111111111. 111. 1111111 1 113.
p. 129. ι. 111111111 1. 1. ὓ. (ἔ. 116.

111111 111 111311111111111 1111. 11118 1. 1668 inem 111ῶ111161111.
11 11111 11111 1111111 111111. 111 61111 111111 111111 ,111111 1111 11111
1111111ῑὲ1 1111111111ἣὲἐέ 1111311111 111· 1ῗό1111 1ξὲ
111111 1111 11111111 1111111111 1. ffle 1113111 111111111111111111 8111
11111111,11 111 1111111111 11111111. 1111111111 11111111. -8111 Post
1111111 mundi Dumium, multiplicato filiorum hominum numero 111.

1111111 1668. 311 111 11111111 11111111111111111. 11111111101111111111
11111111. 1111 111 1111111111
’111111191911111’11111111ἑὶ1 ῗῆἓέῗιιῧῖἵῗῶἱῖἕῖῗὲὓὲῗῑ
ἱ111. 1. 1. 1111111181.Β (1111111111111 bet ἓ1111ἓ111. 111111. 131111 111
1111111111111·11111111 1111111111111111 111
111. Ἑ11111. 1111111111. 111 1111111111 111111. 11111111. ιι. 11111 1111111111
11111111111111311111.1111111111 Ἐξ·
11)ιὲ 11111111 111111 1 111 (1111111. 111111, 11111 111111 111 zupus&
1111111 1. 111113111611111. fflqtauf 11111 1111181111 111 111111
11 111 Q 3 11111111. 1161111111. 111111. Θ. 1-11 111111 111
1111131111 (111111. 11111111111111111111111111111111111 11111 81111
1. r. 1. 1111111111 111 1111111111. 11111. ιι. 111. 11111. 11111111.
1111.1·111.1111111111.1111111111
11111. 1. 1111111111. Ρη 11111. 11111111. 1111111111 1. 1111111111

1121 1111111111 11111111111111111111111111. 111111 111111 111. (1111.

1111111111111, 11111 11 111 1111111 1. 1. 111111. 8. 1111 &abt 1ιί1
11111111111111111111. 161111. 111. 11111111 11. 1811 ,11111 11.
1. 1111111. 1111111. 1111111111. 1. 1. (1111. 1. 1. 1111111111 1. 1. 11111.
1. 1111111111111111. 1111111111· fib. 111 11111111161111111 1111111111
1111111 ιι. 1111111111111 ind.. &11 1111111115. 111ῐέ1111. 111
11111 1. 1111111. 111111 1311111 1111111111. ὗ. 1111131111 De laetis
Gwmm 1111111111 qt (1111111111.Ι 6. 11-14 (1 W D· 1111111111
1111111111111111111111111.·111115111111
111111.1111111111111111111.1. 111111
per 1111111111 1181111111 11111111, 11Τ111111 asportato modo 11 quo
1111ῗὲ1,11111111.11511·,113111ἒ1111131·111111“ἕιέῖι1111
11...ῑ.ἓ”ἒιέ“1ἷ.11..1“ἓξι’11ῗὲ11111ΐέ1.111ῗ.ἓ1“1111111ξ1,ἳ1ἑ
1111161111.11111111111111111111111 1111111 111111 111. 11·
11111111 1111111, 8111111111 1. (1111111111 1. 11111111111ξ111 et 111111,
(111111 1.(ὗ131111111111111ὢα1111111111111111111ἒὲ, 11111ι “q 11111111·
wega (ἒ1ιῗ111ι1ω1111ΐ11ῗ3118111 1ῗ11111ἓεῗῗ91ἓῗ ’111 ο111ῂ11ῗ11111ἓ11 {tufan
111111111111..1111111111
ιιι (11111111, 1. 11. 11110, 1416, 1111, 1111 1111 11. 11 11.
1111111111 1111111 111. 1111111111. 1189111111111111 111 11 111 11111111
1111 111 1111611 11, 1111111111. 1 11111111 1111 .3·1, 111. 111.

 

