54⁹

8181888181 1188881 8118181188 8811111111111 1161118181 11811·
118811 18111111.11118111 1181111188. 18111. 68) 88118 8111181-
, 18, 44, 45, 46, 47, 88, 81, 86, 87, 88, 888 8881118818 8118111811,
; 1881111888)181 881188881118111811118(1781111. 817111,
118818 1111111881 8188111 111118111118 381111 11111 811 81818111 1. 1181 111111
J 1188818111111188111. 1180 8111 1818181888. 1118181111 1188 81111818
· 111118 888 818 81111118 11811 811 1188111. 88888888 18 8118811118
. 18881. 8.111181.ι11118. 11111181. 111111181188 1811. 8118 ὃ. 10.
. 111. 11) 88. 1. 8. 118-18811111111.
2 811118118111188811111111181888118888111188. 8888118888.
1118881118 188118 818 18111111 886 18 81111181181881838181888.
· 111811 11881 11111118 811 1111118 81118111118811 81111118 811111118 881
’ 18 8111111118 1811111888111 11111 811 18111181118 1811811 818 61881 1) 88181.
8. 1118 811 1111111111 111111811 1111111111 8111188118 18 818111118 1811 18
8111118111118 888111818818 888 8881118 81118 (811881118111181181881
’ 8118811811 1811111111811111818 81811111818 8118111111 88111888818,
1818818 111 11188. 88 888 1811111818118 881 81111118111111881111811
1118181111 1118118. 1111 1811111111 888 81118 1111118 1181181888. 1818181·
- 1118, 818 181811 118111818118 818 11111111118811881 1111111 8. 8811 11181
ὗς &mitten 811 18111118 111811 1181118118 1118111111 1118111111 1118811 181,
[j 111 11111888 11111111 11567 11188. 8. 1811818111 8183. 1654881811
ξ. 11111). 81181 81111118 1188 1118111181 Hartzhoim‘s Biblioth. colon.
' p. 86, 8. &telum 8. 8. Σ). Q 95, 818111811881 8. 8. ὓ. Q 44, 811
·. ι 118118 8. 11811118 81111111. 11111. 8. 888-885.

1)118111818881118. 18181. 1880811111 888 1111111818 111818 1111811111),
’,ει 118. 1181881. 1111. 574, 881 81118111. 81111811. 1. 811118 (11111818 1181
'beggam 1. ,18888818 N 8118811811 (,1118118888111· 181111881111711181

· 81181888. (11118. 1616. 881. 41 8883118181 18 1881181888 881 1446)

0111881888 11118οηί8888 -1518, 111. 8. 88118818. 1118 818. ,
π’-ζ 3118.1.111.8.1111881118 88. &mh-§Die 1111187 1881.
1118 188 811, 11 88111811 8111881181118111111811 11188. u. 881818
181118 7 Ῐ1.διῖιι1ῧὶ1111111ἲ811ῧ1111ἑ18 1111111. ,11111 11111181 118818 1111818
ἓ1111.,“18111ξε1 wtg‘ffiwg 11ξῐτ101181111111ὓ111ἳιε1, fflffiesdmmt
8814411111. 81. 811 31543 8. 1508 8. 818 11811118 81. 1888 8. 1490
8818111881. 88141 (111 8.), 111 1. 8. 1888 incl. 181 81. 88 18
181118. 8188811 811118 1, 811 81888-1518 1811188181111111118 881
:222 81. 188118-111. 68 178181111181181811 ,11881881118118118
1ιεῖ 1118. 11811 18 8811181111. - 11811 11118Ι 11818111 888118 8. 1. 8.,.Ξη1811;
1.·ῑέ- §Die 8 118 81111. 1811111118 1111 11181. 1181111. 81. 81181881111881
,ητέῖ 811111111188 11111811 8.(111.,1”11. 11111 8. 811818188118 8111811818,
:ita 118811 111. 811 1111111188 818 81118 881118. 111. 4-8 (8811118111 818·
,” 118118 (18811188118 seu Fundatio Urbis ’1888188188818κ [81.
: :12 1118. 811 11811811 811 111. 1188181888, 111. 8181188 811 81111111 8811
,,-11 381. &a 81 18 8181111, fib. 8118118811 8181188181 ,1181188881-

111118 111 8811118111 8. 88111 8111 8111 1181111 8. 881111 1111111181

111. 8-10 11181 ,11881118181 [8. 1. 11. 8111111118881 81811111118118

ἶῑῑῑξῗ 1881 8111118118811, 8111111 1881 11. 811 111118 18 8881888 1110111118

 

