613

111 1111111. 6111111 1111 111111 111111 111.Μο1111.(11111.111111. 111
111111 cod. 11 1. Palatina 1. Q 13111 1111111111111111111. iiie 111111. 111
1. 1111111161111. 113 1. 131111111111111 113 Annales 1111111611-
bergenses 1111111111 1. Βό111111ο11. rer. German. 111. p. 173-317.
1811. 61111111 11111. 1. 111. ΙΙΙ. 6. xxxix-1111. — Q 3371111111. ΙΙ.
Qui „Auctoris incerti fragment. 111.1 111 111 „Annales Argenti·
nenses‘ 11111111 1. Βό11111,1”111. rer. German. ΙΙ. p. 96-111. 1111.
⁵11 1111111 nne. 1. 111. 11. 6. XIV 11. u. 111111 11111111. 111Βό111, Font.
1111. 1111111111. - 6. 333111. 9. Gobel. Persona 111 fid) 11111, 111
11111 111. 6311111 111, 11 113 3111111 11111111 111111, 1111 1111111111 11 111
Dtien ein3 1111431 11111 11 1111 ,3111111111 1111. 1111111 11111311111111
111111111111 11 1111. 6111 3111311111, 111 11111111 11 1111111111434111
1111111 11111, 111 1111111111. - 6. 343. 3. 33. 1. 1111 (111111. ΙΙΙ.) it. 533 111.
1, ean-540. - Q 341. 1. 11111111. 3. 6111111111. 111 Η11111. de Her-
1111. 11111111 ne 111111 11111 11 1111111111, 1111111 11111111. 1111111111. 1.
1111111. 1111. 1111 6. 467 11. - 6. 361. 3. 7 1. 1111 1111οά111111 1111-
diensis. — 63318. 3. 1. 111. 61111113 1. berned (1111111. 61111.
1. 611111) mittitete. 111111.Ι 11111 1111111111,111(11111111 1111111611
11111111 111111 1111111111, 113 1111111111 11111111, 11111111 111 (111111. 6111111
1111113 1. 1330-1339. - Q 357. 1111. 36. 3. 13. 1. 111116. 61111311·

1 bersied. 1111111111111. 1. 111. 611111. 11111111. 1333. 4. 111111111111111
-“ 6111111111 Qlil-X11.- 6. 353. 3. 3. 1. 1111 §iic 6111111111111111
’ 11111111111 (1111111. 1131111111111131.11611.) 1131. 1. si. 8. 44. Qeeh
’τ iet: Kronike ian Sessen. 1811111111. 1336. - Q 314. Nr. 63. 6111111111.
ὲ 31111 1116.111111111111111 Trithemii 1111 Toni. I. et II. Annalium Hir-

seugiensium 111. 1111. Q 411. — 6. 375. 1. Nr. 73. iiie 111111 6111111111

2 1. 31111111 111. 31111111 1. 3. 3-10. 1111 11 1111111111, 11 1111 1111111111 111
³· 11111111.,1111111 111 111 111111. Aethione 11111111. 1111. 11111111 11111.
e Q 131. - 6. 336. Nr. 1. 3111. ibet 111 1111 11111111 111 611111111-
ῒ 1111111. 1. 61111 11 1111111 11111111 31111111.,111111 11111 1111111111.
1 111111 61111111 1. 6111111. 6. 11141111. - Q. 335. V. 1. 61111111111,
e 11311. 1533 111, 6111 31111113, 6111111111 11 (11111111, 1111111111
6111111111111 1111111111111 3111111111161111113111111111, 1111111 nnete„
i 1111111111 11 6111111, 111 111 11 111111 11111111 111111 61111111 1111111
s*- 1111 1111111 1116111. 1334 11 6111111111. 6. 61111111 1. 11 1161

1 11113 1111111111. eine. 1311111111. 61111111 (611111. 135116131 11.
1. - Q 413. Nr. 33. 1111111111. 6. 333. Nr. 59. -· Q 133. 3. 3. 1111111
1 11. Q. 333-361 1. 333 u. 351. - 6. 441. 1. 3. ii. 11111111 1. (1111111. -
11 ibid. 1111113.11. lande 1. leude. - Q 446. 1. 1113. iiie 3. Quin. 1.(1ο11
,ἱ opusc. 11111111Η11111111. 1635. 4. 1111. 6111111, 33111111. nee. 16111111. ,
1 3111111. 111. 1. 31111111. 1313. 6. 343 11. - 6. 437. 313. 1. 111. 11511111
e. 1111 1. 6. 531 11. - 6. 463. 11133. 3. 3. 1111111111 1. 1111111. - 6. 473.
ii Nr. 44. 3. 3. 11. 111111 Ι. 11111. - 6. 431. 11111. 111. 3. 1. 31111111111
1 1111111 (111131111111111 11111 3311111111) 433 6. 1. 111111 1. 111113-31111.
1. 111-11111111. (311. 1. Q 1—114: 111-1111. 311. 1. Q 111-111.

 

