189

Mem 11155111111111111111,1111151195 u. 59111.) 111111111115
1.4(,11151)11111111 1111111111111111111111111111111.1 111. 11111111
11115 1151111111. 1 ,2. Θ. 119 111). - 111. Β11111.111.689.,151111.
11 111.. 156 11111. 11111111111111111 1. 1111 [11111111 1111111111, 515
1111111111 111. 511111 ,11111511111111111Ι (1111111111.) 1011151111.
1111111111, 1111111 1. Quiete 1111111111. 111151 ς1111111111, 1111111
111, 11111511, 15111111 11111111. 15111 111111011111111 1111. 111
11111115111111111151111111111 colligiret u. 11111111111111 1540. 1115
111 1115111111 Thomas Oeutzow 1111111 11111 11111Βοι. Quart. 131).
1111111 5111111 51111 11111511311111111, 1. 111 1111 51111111111111,
11111 1111111. 1115137. 11111111111511 1111, 1111111 „Qum 11111
1111111111511 (115 uu. 151). 111. 152-1561 ,1111 111111) 111111111111
115 11111111 115 111515 1111111111 (11. 154: ,11111 (1111111 51111111
unumne* 111. 15451 11111115111111 1. 6111115151111115.1 111. 15511
,11111111 1111111. (1111111111 11111111ὓ111 11111 111. 15551 „Qun
11111 11111 111 1111111111.1 111. 156: ..1111 11111 111111111111- ,11511
51111111111115111111ι11111111111111111111-1531)111111
111111 sud> 111 1111111111. 111. 157. 111 4. {BL 31-173, (1. eben ὗ. 166.
1114111 ben& 111111111111111 1111111111 111 Β11111.1ὀ1 124. Nr. 3.
Ε. 98-375 (1. . 168, 111. Burnus. F01.453. 1113. 1111. 87-178
(1.5. 111), 111. 1111. ,11 11. 111. e. 111-111 (1.5. 169 111,
1111111, 111111Β1111ἆ111. 1365. 11 5. 111111111111111 1111111111
α’ οΒῗη4 1111111111. 1111111 1. 1114111511131111115 1115111111
111 1111111111. 515 111111511111111111111111111 P etliu: 111164
111111111111111111111111111

ιι. Chronica Terrae Pomerauiae 1. 1. 11. 5.1. 111111 11111 515 1. 1311115,
1115111111 111111511 1111 1111111111. 515 1111111 1111151511 111
1111115 51111111 115 1111 5111111515 111151 1111111 m·¹ 515 1. u=
111ἓὲ111181111. 515 1111515, 1111115111 1111 111111 11111 115 5111
11111131ἔὲ 1111111.11111111111111111111 1111
111111111111111111111111111,’1111111111111111111
ιι. 1115 111 mtrem 5111111511151111111111 11111111111111. 1111111111
1112111ῗῆᾞ1ῗ1151111111111, ree gestae sunt, est iu perpetue pueritie
permanere. 111111 111111, 1115 1111111111 1111111 men 11111111 1111511,
111 111115 111115ἱὶ 115 ιιι 111111Ν {swan} lluugbcu: i (1111111ιέ1ιὶ111) 111Ιέἰ
1111111111111Ψ111ι1τ1111110111111511111111111ἒ1ω311111 111 to, ’111 11111111.
1111111 115 11151111115151 1111111111 511111 ,1111511 11111
11111.111111111111011..11111111111111111,11111
111 51111 111 1111111111 515 Κ11111 11 1111111. 1111. 1111111 15 fragm.
11111 11111111 1111 1111 11111111 Codice 111 111111 niet 1111111,1115111 15
111 1111111111 111115 1151111111, 1111111111 11515 11111111 5115111111
1115 511 fecte 51111 111115 11111 115,11ὓ1511111.1111 11 11111111 Codice,
11111111 1111511. 111111 1111. 111111 111511 51111111111111111 11111
1111111111 111 111111. 111 11111 1111111 1111111111 5111111 11 11. 1511111

11111 1533η 1111111111) „Cicero ln oratore ud Brutum:

suffmeutum 1111111 1111 11 11111111 (111. 111181 1111 1115111. 111 511
111 (11151111111111, 1111 uenae &⁰5³ u. 51111111 1111111111, 111111Ε

1111, 111 111 1. 11111111, 1111111, 1. 1111111156 1111 51111. 3141181
1111. 111 16451, 115115111111111111111111111111115 11111
115 gu (1111111115 5111115111 1. loll—1066 11111; 1111 1. 1111 (1111

 

