181

1111111 1111111111 61161111111111161161161 1111111111 111111 611
1511 1111111111 1. 11116111111111111 111 1111111161 1. 611 61118111 1111111
11.1ἔὲ1111111111.11111111111111111111111111·1111·
1111111111111111111111111, 111111111111861111 11111111111111
1111116111 Β 1. 1111111 116111811οὸ1, 61 Buta. 111116111116111111111 .
111 1111111ι111111., 111 111111 1111111111 11 11111 111111111111111
1111111111 [α ἱ11111111111111111 1111111111 „unt” 1. 11111 1111111111111111
¹¹) 1111111111, Andreas 11111111 1. 1111111111161),611111111 11111 (1111111111

, 1. ministratam, 11 111 11111 u. 11111111 &tint 111161111111111611

“ 8111, 111 11111111 1111111516 11111111111 1111111111111111. Item
11111 1111111111, 11 111 1111111111111111 1111111 11111111 111111, 1111 611
1111111111 1116111111161 1. 1111111111 11111 1111111111 1111111 11116.
1111611111. 1616. 4.

¹‘) Β111111, 11161, 0111111111 616 11111111111111111111111(111 116 11111111

³ 6111116 1111611111. [1111111111 11111 11111 11111111 1111111111, 111 111111,
¹ 116 11 11111111 1111, 11111 11111111 1111611611111611111, 1111111111 11·
. 1111111, 11111 1111 6111111111 1111 111111 (1111111111111111111, 116 1111111

1111 1111111111 611 (111 1111111111 1111111111111, 111 1511111111 11111111

1 11116111 611111 numnam 11111111 11111 (1111111111 116111111111111111,
¹ 1111111111 111 111111 111111111111 616. 311111 (1116111616 1116111111 116

11111111Ε11111 1111 1111111 111111 6111 11111111, 611111 1111111) 11111111 111

ᾗ 1111111111,111111111111 6111111111 11611111161111 61111111 1111111 111

1111111111- 11161. 111116111111, 11 111 1111161161. Anno 61111111 1514.

11111111 11111161 161 11111 1111111. Q)

Q? 11111111111111111111.1111 111111ξῖ

1111111111 11111111 111 1111111111 111, 11111 1111 (111111 61 11111111,

1111 ’1 6111 11111111 1111111111 111 111 1111111111 1116111. 11 1. 1,11111
1111 1111111 11111111, 111. 1111111 111611111111 1111 11611111 (1111111110,
111. 1111111. 11111111 1. ,1111111111 1111 611 Ε11111111111 1111111111
11111111, 111. 1111111 11111111 1. 1111111111 11. 1111111111, 111.
11161111111111111111,11111111111.1)111111111,11111161116
11. 1111111111, 111. 6161611111,1111111161,.111111,111111,
1111 611111,11161111111111111111111161111111111111 a 11
151111. 611 161111116111. 11111 11111111 111. 111 1111111111 611 111 11
1111111111. fib. 111111111111111 6113111111ιὶ en (1111111, 116111 ·
11111 1111111111),111 u. 1111611 1111 1111 11111111 111. 111111111111111111,
fflbtfisstnftxbuetnbfliket?mufigeoffpnffinffilg 1η11ξ111ἲ1ξ11111ὴ111ᾝῗ1ῦ1
111111 1111111111. mae (1111111111 1111111111 116111111111 1111111]

¹¹) 6111111111,1., 11111111 111 1111111161), 1111111111, 111161111111
11111 1 1111111116111111,1111 611 11111111161111111111111111 Chronica.
11111. 1111111161. 1611. 4. (6. 1. 11111111 1111111111. (11111111. 111111
1111 1111611111. (111111111111 11111111 1111111 6111111111 1. am·
1111161111 ¹

Μ) mni, 1111,1111111111111111111111111. 11614. 1111. 1111111111.
1111111111. 11 11111111 1111111111 11113. ss. 110.

bei 6111111111111 116111111111111111111111 1111 111111 11111111

 

