282

11161, ι. 1116111111 111111118111111, 3111111161116 6. 6611161166
1 11. 111111161766116. 61-64. ,11111Β11111ι 161 3111 1530.
111 161111111111161 1111111161611111 1111111 11. 1111611161
11,1111111.1161,16ιι1111 .61.6 ιιι
11111111Ι 61161 111 1116 1111611611
61116111. 1111 1116111111 1111111 161 fit. 11. 6616161. 1116111. 1711. 4.
1161111, 1111Ι 1111 111161 11111111 1. 1111111111611111. 1111611616166
11161 61111161111116111111111. 1111 6611111611 11111. 11 1111111 arbim
111· 1111111* 1111111111111111 111111111111111111
. „· .. .— ·¹. . 61111,
1111111111.1111111111ξῖ 1111111111 11111.. 1· 11111
11611511. 11111111111111161111. 1. 1. 11161. u. 11 1. 1166611111.
6341564-1661665-112, 1116111111. 6111111111, 1.1. 111611,
1111ἓ16011ᾓ1.1Θ1116111ἑ31ῗ1. 1111111611,Θ1631ῧ111611θ11ί 1. 11161136111111
ffiitssfflt‘ubssubfffiglt' mistptf} &affin 11οῗἔ1146>111161υ ,β 1616ῗ131 buetsscffl‘
16111 1633 61111111,1161 11 18166111, 163511116166 1ῢ11166111,
1636 61111111 1. 111111161111631-46 111111611616111111111111111611,
1643116 1656 611611. 61111611. 1111111611 ιι. 1111 165416 16111 &113
11161661. 116 61161611116113, 1616 1111161 1111611611 mgnum 166
6111111111111311,13111111113111111 11111ῗ1ἓὲῗῑ
Ἢ11ξ1111111ῗ1ῗ11111111ῧ11η 18111111ῐέ 121² s11 Μ68 lg& 1? gffiznjcgnli&
. 1 . 1 111 . ,
161611. 111. 111 1161111 16111111 ειτιξ1111118 11111, 1161111111 11 611. uu·

1111, 111 S. 11116111611111111 1111 11 6116611111 1633 611161161111

111611.) 6. 134-105. ,611111111161611611 1660. 11161111

1111111 ,1111116111 To 6111116611, 111111. 6161161. 111. 165611
Θ. 133. 116. 11111116 1111111161 1111 161 111616611111 11
11111111, 16111 11161 1111111111 161111 1111111111. 11111111, 161111
116 1111111111. (111161. 133) 111111166111111. 1 11111111 (1116111.)
6. 141-144. 1116 111 111 111111 11 1161111161 (1 16111111
1111111611 1. 1131111. -1613, 11611111111. {n 11111611111116161111611.
1. 11111111, 11111. 111111. 140. 1111 11161611611111 ,66111116 111 (11 ¹
tuts 6. 1111611ε11611111116 1111111116, 661 11611 1111111111.
(11161, 11111 1111111. 1111116111Ι 6. 1633-1611. 11311. 111. 6116611111.
11161. 11116 1111161116 1111 111 111 6111611111 116161616161 161111
11111111 111 11111111111111 11111166 31116 6111, 1611616 111 116 61116 6.
1111116 1116111 3161111111 116111111111661111.) 1. 245-155. Q, 513 11.
,11111111611161111111111111111111111111161 1161161111
11161663. (11111111161111111111111116. 1136111363. 636.
,116111111111611111111116161111111111161111” 1563-1611.
1641. ὢ. 110-411. 6. 516 11. - 111. 11: ,116111611116111611 11
(6116611111 1631. 11111 11111111111111111. (1116111111 11161111·
641511. ,11111111 1111111ξῖ115516161511161 1611116116
16 6111611111, 11111 611111, 1111111, 1111611. Quum·
6167-611 ,1111 1111111166 1111111 1111 31111 1666. (1116
111.11111ῧ11161.11111611616116ῦ66311ῦ683. ,Ε61161111
1111 161 1161 1111111 6111111161Ι 11111111 116111 61166 11111111.
1111111111, 16111 111111 11116 3111611 1636-1636 1611611.) 15. 663-635.
111111111611611161111611ι ,161 111111116111611”,1611.116113,
111111. 116161611161111. 31111111. 1196. 116111. I.) 11116111
661 &a 11 1661111 1111161161 311111 16 116 1. 16311. 1615111111.
11 1111111111. 1111111116, 111111. 4⁰. 141· 161. 161 1111111111111
,1111111116 111 11111611 1. 111116161111111 6111111661, 616
1161161111111116611, 6111111111.11161111.” 16. 1656-1615.) Q. 633

 

