009

191. (8111111.) 199. (11111 11111- 9111111919.
11111. 0111111191. 199. Paschasius 1110111111 111.
1111111 [111111.11.1.911111111.91.1 Pastor 11 91111. 011. 8111111111
909. 01111.
1111111111, 0111. 011111. 111. 1111111111 11 11111111111190. 111.
11111111190. 11111111 010111111111 10.
Ρ11111111 (91111. 111. Germ.) 999119.
0· (91111. 1. 01111111. 111,
011111, 91111191119911991919. Paulus warnefridi 1111111111 991. 90.
01011111111909. 991. 179. 1111111101 (1111111111111 1111101111.
131111. 01101 1. 0. 1311. 011111. 1111111.1111111111111111·
0111. 111111 11 Luat. - 1111. 91111111...
01010111 vinus 1111111111 70. expos.) 991. (01 11101111) 117.
0111111111 119. 119. 1.Ρ1111111.
01 1111111 11 11111. 11111111 1111111- 11111111011111111,911.111.Βο1111
111111. 11. 111. 111. 111. 111 fg.
- --· 1111111. 1111111 9111111 111111101111. 011011111111111111.
propo 1111111101 99. Ρ111111111109.

01111111 1111101111111111111111- Ρ1111, 111101111111119-19, 110. ¹

111. 111-111. 111. 111-111. 111. 111 fg. 111.

·- 11 11111. 11111. 11111. 11111111. 9111110-119.
179-179. Potor 11111 999 111. 011. 011111.

01 1111 11 11111111 dominor. 011111. 91111111ςὶ11.

1111111,111111.111.111. Potor 1. 11111111. 79 11. 97. -
·- - 1111111. 1111111111 997. 119. 9111111179991.
9101111111 91. 9111111111119111111111111111 991.
01111111, 111111. 01199. 1111101111. 17.
01111111 919 11. 111. 911111911. 907.

01111, 111. 117. Pon (911. 111. 91111111.) 91. 911 fg. 1

011101 9111111 19. 191. 997. 919. - (1111111111101991.
0111 1. 1111111111 (01111.) 997. 119. 111111, 6101111, 1111111111. u. 1. n.
191. 919. 117. (01 111. 1111. Fri· 1111.
011. 1.) 19. 997. 117. - 0111111 Ρ11111119.
111111111111111111111. 11111019. 1110111111 119.
11111 0. 91111. 1. 11. 0111 1. 0. 0111 91111, Jul. 1111111. 0. Pr.) 991.
109. 11111111 991.
otto Gr. 1. 11111111. (11111111 gum Ρ11111111191.
91111111111111. 91111.) 111. Pideritius 177.
0111111 1. 11111111 911 11. 111111 191.
01111111 119-190. 1111111011 199.
11111011 (911. 111. 011111119119.
11. 111 fg. 111-111.111. - (Polou.

9111111191119111111111111911 11111111. corp) 111. 117. 991.

111111191111111 11. 9111111101.. Pitschmnn 312.
(1111111 u. 1. 11.) 119. 119. Pius 11. 1. 0110. 1111111111.

 

