3101011.

(vie 811110 iancea Μ 011110 Ovium)

83310 6100011110 a. 316. 334.

8330110000 110110100000 438.
8331110010 110111011100001 438.
1133111030( 461.

31101, (inea, &anmi 0110133100.
0033

- 31103. (Mt. 33. 8.) 14.

Acidaliae (31031. ab. A.) 14.

Aeta Bernetadieneia 308 ig.

8010 Sanctorum 010. 378.

8101301100 347.

S. Adalberti 0111110011 130.

8101301100 33. 162. 321. 346. 432.

Adam 1. Bremen 38 ig. 38. 60.150.
162. 234. 821. 348. 433. (10 nitu
Daniae) 233.

8111110000 ad Lambert. 48. 318. 334.
447.

8101301100 praepos. 463. ’

311101 110.

80101100 288 fg.

Aeneas Sylvius (Op. geogr. 01310101.)
410. (1110101. 303010.) 60. 302. (10
Palania Lituan. 010.) 132. (10103.
gest. 003. 1111101111. 010.) 338. 448.
(Germania) 441.

Aepinns (11013113. Aep.) 14.

80131000. 13. Ravennae Geogr.

Agricola, Ga, 411.

Aimoinue 361. 438.

8101100 231.

813011000 men. 11. 1011301001).
63. 161. 233. 448.

81301100 81000110. 43. 387. 448.

81301100 30300101 67. 338.

Albanus abb. 8101000. 30. 330. 338.
448. 149. 161. 233.

81301100 1. imper. (10 1110110 813.
3181.) 334.

81301100 11. apiae. 111130101. (10 103.
gent 813.) 337 fg. 31. 82. 340.
Albinae, Ρο1. (300011 001011. Leia· ἵ
010.) 88. 333. (10 apiae. liunberg.) 1
403(0.(1)101103010140103.11100.)411.
(iiidie. 8000· 01101033100) 411.

81310031 1. 80110113 63.

81310031 1. Β10111003. (sitien (0. A.
a. 13101111. 0810110 1320) 13143.

81001000 331.

8100030, 11111. 1., 133.

81ρο1100 33.

8110111001 (200308ι300010000(130(1.
3013080300810130001)16.17181113
ΜΜΜ33οΜΜΜΜ
21. 22.

8111111111 431.

31100081. nabi. 16.

Ammerebach 383.

Ammianus 3111001110. 473.

81001011, 31101. (ab. 308 A. 31031
a. (1101111. 018 31113. 0. 11101011.)
363 fg.

Andreade 308. 312.

 

