1111111111111.1; 1. (116.) 111 8111111111 babianum 1111111111·
1111111111ιέι (1111 3& ub. 111111111111111111. 81111. 1. 1319-1415,
1111 1111111 111 1111111111. 1. 11. 111 111 111111111111111111111111446,
&beatam (1 111 111 1111111. 11111111111111111111111..); 7. (11 Θ.) ,111
1101 11111111101101111111111114111 1119111111ἩἻΡΜ
1111111111 1. 1111111111 111. . 1111111111 1471 1. 11111111 111 ἒ. 1111
1474, 1111 11111111 11111 11. 111111. 1111111111 111111111111111111·
1111. -1471); 1. (48 Q) ,11111111111111111 (1.1. 1111 11111111
11111111. 111( 1111111111 X. 111 11 1. 1111 1513, 111 11111111 11111
11111· 1111 11 3111111111 1496-1191,1ι1. 1113111111 (11111 1111111111
11 111 11 11111111 111 111 &estem 9. (3 ὓ.) ,111 Georgia 11 Bar-
nim03· Ι10. (71116.) „De ghilip 0⁸3 11. (27 Q.) „Do Bamimo 8111111
11Ρ1111 pi quinquo filiis· anaet 11111 111111 &tumultum 1111) ,1111
1111111111 111 1111111 111 ς1111111111 1. 111 11111111 1. 1111111, 11111
111 zita 1. „Genealo ιι Ducum stettin. 11 anterioris Pomoraniae‘
146111111611111 111 1111711 11111 (11111111 1517)· 1. ,111111-
1111111111 1111111111Ρ1111111111 111 (1111111111 et 1111111111 qui 111111
{ciss'ffqfffltfflm ἱ1111ιέ11 Ροιιιοῖἓξὲιιέ (ἐο1ἐ1111111ῦ11111611111111111 1.
Rugiae‚ quinpogssgdessugtfflgssm 1111111111ιί gsffueerggaffiaeggeffi
(1. 1. 111 1111 1111111111 111 111111( 1111111111. 111 1111111111 11111·
1111 1111 1111 1111111 1111111111). 1111 1111111111] 11111111 ιι 11111
11111111111111111111111111111111111111111
111111 111 1111111111. 111Ῑῖ 1 111 111 1111111131111111 1. 3. 1575,

111 (11111111111111ἆ1, 1111111 11111111111111, 1111 1111111 1111

1111111111111111111 1111111111 1111111 1111 1111111 11111111. 1 111
1111 1111111111 111111 1111111111111111111111,11111111 1.
11111 11111111 1111 1111111111111, 11. 11111 1111111, &dmm 11 1111111111
111111111111111111, mit 1111111 111 51111111, 1. 111111. 11111111111111
111 (1111111111 1111474-1513 1. 1. 1111 1111ῦ111 111. 11 111 111
111111111111111, 1111111111 111 11111111111111111111. 9111 (Macen
Dutssen 111111 111 gum 3. 1531 1111111111Ι 111 111111, 11111111 1. 11
11111111111111111 ..11111111 1111111111111
1111111111111111111,111111111111111; 1111
1111111111) 1111111111. 11111 1111 ῧ11111111 1111111111 1111
1. 3.,1531 1111111 1. 11111111111111 1111111111. 1111ὒι111111111
1111 11111111 1111111111]

⁸⁹> ’1111111111 311. (1111111. 11111111. 11111111111111 11111 1111 111
16. 3111111111 16110 (1111 1111. 111111. 1111111111,31(1111116.1.1.
11111111 111 Antores 111111 1. 11111111111111111. 1. 11111111111 111111.
1111111111. 1. &teth 1111115. 1111). „Genealogia Dber 11111111
11111 111 11111111111111,1111111111,1111111111111111111111 111111
111 1111111111 111 11111111 11 11111111, 1111111111, 11111111, 11111111
1111, 1111111 11 1111111111 1111111 (1 11111111 1. 1. 11, 1111111 111111

¹ 111 1111111111111111111 111 1111111111 11 bei 1111111111111111111111111111
111 11111 (1111111111111111111111, 1111111311111111111 111 111111
1111111111, 1111 1111111111111 1111111111 1111181111 11111111 1111111 1111
11 1111111111111 1111111 1111111111 111111111111111. 1111111111. 111111.

. 14·

 

