1101111 11 0101100110011111 1. 1000 111101 001111111011 111. 11100·
10011 111 1011111000 10 11011ος 1. 1500111. 1101081101 1. &meh
110· 11000 ub. 1101001001 ..01110 1. 1000 1101110 0001001110 11.
1101101100 0. 1101000111). 1. 00-81 110111 ἑ1-13. ,1111001001
1110010011111110101.01100110000101101100111101110111-
11111111 ’11»111111311011110190111111111111110011
111’1111111111111101011111111111111
,gum 1000110 1111111011 10 0111 111 1110011001 0110. 6011111
,10 1048 imbuam post 1110001100111111101, 01111110 111 1111100010
1111111111181τ111τ11 0110011110, 001101 101 111 001110111100 10111011, 001
1111111111111111111111.111111111111111111 11ὅέ
¹¹· Μ1111111111’1131111111111 111-1111111111 {1²¹3
111111000010101111 10101011 (1000 10, 1010113111- 01101 0111
ωε11111111’.31111 111111111ἒὲ ’11111111 1111111111
110 000 1111110011οτ 61111001101011 1011011101,11.11001 0111000110
1011 111 10111110 11111111τηί11 111 61011, 1011 0111 11100110 (110 11010110
111111“111“,“ἔ1ξ1“1111111”111111111111111111111111
110000 1111130111 111111 1111100010 1111011111), 0111110111 1111 1011 11111
11101111 1100010110 110 111 0011111 11010 (1101111100 111110, 11011000
101 100 galva 110010 10 1. 1110011101οε, 1010110101ιέ 000 11111110 0.
0101011111.1101111000..111000
111111111111111001111011
· 1 · v ⁸ 1 ,
11Ἠὲἒέ1ἓὲ111111·111111111ἓξ111111110111111111
inq. 3110111110, 1100010000, 1010010111 11111100, 111111 111 0111
111111*111111111111’1111111’1100111111ἳέ 11 111
01. 001100,0101011111έο10 10111
1111, 8111010111, 110 11001ι 01000 ub. 111 0000010110 1111101101 1
111111111111111111111 111111111111111111111111
01111 0111 0. 1100110100 0111 1111001010ος 110 gerg. hobam( 0. ,11101
1519; 0101110110111.11111 1101 0111101 1043; 1101 15101101011111.

110 1000011110, 1110111 ...... 001 0011111011 000

1101111111 11000010 (00111 10111, 11011101 &onumen 01110011, 10110
11101111, 11011111 0. 00011 0. 1110111001 1010 110111110011111011
1100011 101 11110111). 01011011. 0011111 1111101111 10110110 110011 110
1111 11111 (1111011 10401141), 1111010 (11001 1011), 111110 11
(1104 0. 30 11100111 0. 1100111 11110 11. 11001 0111011111 ,1111011110
0111111111. 0. 101101. 0110110000] 1. 1519. 1111 1111 011 1101110111
01110 011111 11101110 1011111000 000101111011 001.10,ἰ11ἶ1ὲῗ1ή1ι1ιο11ἐῖς1
ἱ111,5111111111111111101111515.’11111 111111111111111111 Qmstm 104οῘ
111011 1011111311110110 10 000 11011110 110. 1500 [³- 150⁸).‚ 1110

 

