121

11111, 111111 11111111, eg( 11111 111111, 1111, 11111111 11111111 1117 1111111,

11111111 111 81111 1111 111111111111111111, 111 111111. 11111111 1111111111,
111111·111111111111111111111111.
&runnu 11 ,1111111111111111 111111 11111 1111 ,111111 ὓ11111 111

1111, 111 1111 11111111 111111111111111111 11111111 1111111, 11111 111
111111311111-11111111111111111111.311111111.,(ἑ11111111111111

8111111111, 11111111111111111111111 111 1111111111.11111111111111111
11. 11111111111111111 1111111111 11111 1111111111 111 11111111ῧέ.-

1111 11111111111111111113111111111111,11111111111111111111111
11111, 1111149-1111111111111111 11311111111111111111.111

11111111 &aaran 11111 11 111111111111111111111 1111111111 111 1111111111
1111111111111111111111115611111111111] ·

11111111,6111111111,1111111111,1111111111111111111111),011111111Ρ11111111
11Ρ11111111.1111111.) 1111111111. 311 6111111111111111111111111111111
111111111111 mit Appendix Regni Poloniae Principum 160 3111 111111,
111 (11111111, 111 111111 15111111 11 1111111111 11111, 111111 111111, 111111.
111. 6661111..) 11.111111,111111111.1111 (1111111111. 11111111. 111, 1,
ffl- 12 ὅ. 807,

1111111 11111111 111 1. 1111111111, 11111111 111111111 (1111111111
1111111111111111111111111111 111111,1111111111111 111111 1, 1111
,11111111111111111111111 1111 1111111 1111111 1111111.

1111111 1111111111111 111111111111111111111111 1111111 1111 11111

11111111 1111131 1111 1111111 111 1111111111 1111111,11111 11111111111111

*1)111. em 111111) 1111111 (1111111111 111 1111111111 1111111111 11111111,
1111111 1111111111 11111111, u. 11111111111811111111111111111. 11111111
15611. 11614. (111111111111111111111111. 11111111 1111 11111111
1111111111 (11111111 111). 1111.811111181111111111111111.(111111. 11. 4.
11111111 Q 1 1111111111 1111111111 11111111111111111111111111111111,
Braun 1. 1. D. 11,,197 11111111111.1.ῡ.1,16,1111111181111111.
111 (1111111 1111111. 1111 Q13.

[61111111 1111111111ὃ 1111 1111ἑ11111111111,11111111ὒ111 11111111 111111
1Μ1111Ξ1ί111ὲ1111ᾗᾰ11ὓ11111 Μ,οἱ11111111111ὶ111ᾳῖ1 Θ1111111111911ἷ111111
{m fam& 111η1ε11ω11111ε111η1111111111ῠ1111 Qffionstraeoffitalptem 1111

,111111111111 11111111111111111 111111 [,1111111111 1111111 (11111111
gn 111 1111111111· (111 11111111 1111111111) 8111111111 111111, 1111111
1. 3. 1119. 6111. 11111111111111111111. 1111 (1111111111 111111·
1111111111111111 1). 1111111111, 111111. 11111111, 1111111111 1111 11111 11
1111 1111111, 1111111 111ὓ1111111111 1111111111 1111111111. (1111111111,
171111111, 6161. „Chronica 111 11111111111111111 1111111
11111111111111ῦ11111111111111111111111111111111111111
1111 1111111111 1111111111 11111 11111 11111111 1111111111.’ (111
111111111181111111111111111111510). 1111111111111. 1111. 1111. 1111
131111111111111111.111111Θ111111111111,1111111111111111111111111111
11111111111111.1111111111111111111111111111. 1111.. 1111. 11111111

11...-.1.115111111

 

