266

¹¹¹) 1111111111, Ν1111., sylva 111111111111011111111111111. 111111. 1611. 4.
3111111 1111111111 31111111 1111111111 111111. 11111111. 1. 1111111111.
111111. 11111111 1111111111111. Θ. 31. 61.

(1111111. 11111.. 11 1111 11 1111111111, &dmm 111111, 111111, vm,
111111. 1. 11. 1111111111.)

¹¹¹) ’1111111111111111 11111111111111 1. 1131-1630;1111111.1111111111
11 3111111, 1611 1111111, 1111 1111111111 (1613 61111111 1. 11111, 1615
11 1111111111111 1610 1111111 1131111111. 1111. 1111111111 11111111
1111111 111 111111 (1111111 11 111 1. 8. 1617 1113111111 111 131-111.
(111. 31. 1. 1111111111. 11111. 111. ῦ111111111111ῢ1111111. 11111111
01111111 Togata 1.1.Ν11111111111 1111111111. 111. (0111111. 1668. 4.).
p. 17. 11111111 1111111111 1. 16. 311. 1741. 1111. 1111111111 1. θεῖ»
1111111111 611111111131. Jo. Fr. Wachsii 11111111 1111111111 1111111-
1111. Mullorum descriptoribus, qui historiam 011111111111111111111 1111-
ptis 1111111111 0111. 1751. 1111. 1111111111 1311111311. &im 11111
Nr. 31. 111 1111111111111 1. 1111111111 1. 1111111111. ’11111111 111. 1.
Θ. 106-101. 1311111111, 31111111 11111 1111111111 1. 1111111111 11
1111111111 110.]. ὦ. 1111111 111 414 6111111111. 1. 1111111 (11111111111111
Ι,1111111111 Genealogische Cosmographia 111111111111111111111” 1111
1111111 111 1. 3. 1646. 111111111111.11111111111 1111110111111111111
1. Wokenii 11111111 1. 11111111. 11111111 (1111111731. 1) Nr. XXV.
(5. 198-113 1111111τὶ1111 111 Cosmi 111 61111111 11111111 1111111111 11
1111111 cosmographie, ox αὐτογράφῳ lew). met 1111111111 111111111111,
(1111 6111111111 11111111.) 11. 1. 11111. 3. 111. 1. 111. „Cosmus
18111111111111111111 111 1111111111 1111 ,01111811111111
31111111111111111111111111111” 1111,01111.1.8.11111111ι
1111 11111. 11111111. u. genealog. 311111111111 111 111111
11111111111111. 111 11111111. 1111111, 111 111111 1111111
1111111 1111111” - 1111111111. 11 ῦ11. 11 111θ111111111111 611111.
111 11111111. 11131111111111. 11111111. 1. 1111111, 11135. 111 111111. iu
111. (mit 1. zita 1011111111. 81111111111111111111111111111
1111111111 u. 11111111 111ὓ11111111 1111111111111111111.ῦ. 1
111111 81111111), 111. 3641-1008 (111 111111111111111),111111. 111, 1111 1
11111111) 11111111 1111111111, 111111 1111113111111111111111; 11 1. 11111 ³
1111111111111. 1. 1111111111111 1731 &k 111. 1111.1ζ>11111111111111
1. 1111111 11 1. 11111. 111 11131111 1. &nulfum 11 1. 111111111111111.
1. 11111. (111 1111111111 111ῧ11111111. 111111. 11 1. 1111111111. 611111
11131. 1111111111. 11111, 111 1111 111111 111 1111111111 mit 1, 111ε
„Cosmus 1. Simmern. Cosmographiao 1111 quoad Ρ1111111111’, 111 1
11111111161111 111 1111111111εό 11111. 111-1 ,11111111 111 Cosmi Sim·
111111 01111111111111111 111111 11111 111 1111111111 111111111’; 11811,
111111111111.111111111111111111111111. 1111111111 11111111111111111111 ¹
111 1111111111 1. 111 11111111. 111. 1-9, 1. 1. 11111111 1. 11. 11 11111 1
111. 11111, 111 31111111 1111111. 1813-1831. (11111111 111 Q 11 111. 14
1. 111111. 11 801. 11 1. ὓ111111111111 6111111. 181. 336-370. 371-311 g

 

