517

11111111 111111111111111. 11 antiq. stud· 111 1111111111. 111
’ 111111111. 11111111. 1111111111 (11.1 1111 111111 111111111 11 &eis
¹ 161121ὃέ ἓιὲἱῐίἓηέξὲᾓῘ 11111. Q211-320. 1111. 11111111. 1. Q.

[111111 1111111. 1. 1111111 11111 1111111111111, 111 111 1111111. 11111.
111111111111111111111111111111111111·
11111111111111111 111 1111111111 1. 111 nna 11111111) 'egle 1111111οέ
1111111111111111111111111111111111. 1. 1111 Nr. 1 111 111111.

11⁰1> ¹¹· ⁰¹11 Μ1 1111111.1·11111111111
111111, Hemina, 1110111111111 ..11111 1111 (1111111. 1111111111·

1 1111111 11111111111111111111111111 1111111111 : 1,11111111 1111111
ἑιίι111110111111111ιῑ111111Ι euffigfflindygfftabeg 11111111 11111111 111111 11111111

Β. 1111111111. 111111111. ,6111111111 11111111 111 morte
1111111111 111111. 111111111111111111111, 11111111 111111111 11111,
1111 11111111 1111111 11111 1111111111,111 1111 111 111111 1111111 1111
111111111 11111111111111111111111 111 1111111111 1111 11111111. 1111·
1111111111. colligite 1. 111 1111111 11111 11111111111111111111111111,
1111 1111111111 1111111, 1111111 11111111, 11 111, 111111. 111111 11111
111 1111111111 1111111111111. Anno mdoflptorls nostrl 111111 011Ι111.<1610.)“
11111111. 1111 1. 6111111 1. 1. D. Q 91 111 1. 1111111111. 1111111.
1. 1. ὓ. 1111111111 1. 1. 1). Q. 1³1 11. (1111111111). Q213 11.

[1111 11111111 111 111111111111111. 11111111 ,1111 0111111111 1 11111
111111. 1. 1.· 111111 Θ11111 ,111 11111111 1111111111111 111 11111111
. ἷ111ἐ101111111111 11111111. 1111 111111111111111111001111. 11111.

b. 11111111. ,111111 0111111111 11111111111111 1111111111111111111
61111 1111111111 11111 111111111111 1111111111]Ι 11 111.) 11111111.

1111111111, 111111. 1. 1111111,

1111. 1. 6111111 11116. 11. 1111111111 1. 113. Q 131. Qu,

11τὲ 1. 1. D. Q 114.
[ 11 1111111 111 1111111111, 11111111 chronicon, 11ὲ1 1111111111, 111

mxc} 11111 111111 11111111. 111111111111111111 1111 1111111111

1111111111. Ι,111111 1. 1111111111 1111111111111 1. 1111111111
1111111 11111111111 11611111. 11111111111111111111, 111111111
1111111111 1111111111 111ῧ1111 11111111111111111,1111 1111 111 111111
1111111 111111111 111 111 1111131111111111111111 11111111111111111
111111 11111,11111111111111111111111111111111111. 1111 1111111111 11111
1 111111 1111111111, 1111111111, (1111111111111, 11111111 1111111111 111
11111111111111111111111111 1111111· -1111, 11411.) 1111111.
111111. 111111111111111 1111111111. 11111111 1. 1. 0. 1111111111
1. a-D. Q 111 11. 61111111 1. 1ὓ. 611111.

[1111 1. 1111111111 1111111 111 1111111111 111 11111111111111,111
,11111111111111111119111111111,111 111111. 111 101 1111 11 81111111
11ῐὲ ἓέἓεῦξῗὲῗῗῶξε ‘gazan'{pgrgetbgnegmn&uflfflggmcb 11ξεί 5¹33
11111. 1111111 P 111 1111111111112111111. 1111 11111111 1111·

37

1 1111111

 

