250

Q ἳῷέ. δὲ 111011. ’111 g. 1. wien. 111 111 meib 111
. . . - — . . 11 11111 11111 8111111 111.
11111111.1111..
11 1111111111, 111111111111111111111, 6111111, 11111111, aas,
11 1111111111. 113111, 111111 111111, 1111111 611111, 1111111 11,
11111111 11111111..111111111111111111111
ιι. 1111111111 111111111111111111 1. 111111111111 (83. 4. 6. 13111. 19111.
9111811. 3. ὃ. 171. - 1111. 3. Θ. 11. 11311. (111611). ,111111
12111111111111111111111311111.,1111111111 111, 11111
1111111111,111111111111 1. 111111, 111 1111131111 11111111.. 1111 111 111
11. 1. 1111111. 1111111111 11 111111. 1611 1111111111 11111111
1111111111111.111111111111111111.11111111
141111.Ι 111. , 6111111111 ,1. 111. 1111111 111111111111111111 1111111
11111111. 11. 111ἐ11111 111 111111111111111 1111 11111111 11111. Ε. 91
111113113111ῗ11ω1. 1. 11. 1. 1. 111- 1111 11111. 1111111 1 1 1111 11111
’11.1111111111111111111111ὦέ11111111111111111
ἔ111101 1111111. X. 1533 111111 1111111 11111. 1111111 11111111111111111,
1111 1111 1111111111 111 111 11111111 6111111111, 11111111. 11 111311

1111, 1111111111 1. 11111 1111 111111111111111111. 1111111 111111. ,

1111111111 1111 111 111113111111 1111111111111. 111 61111 111.
11111111111111 11.1111111111111111111111111·
111 ιι. 111111 1. 11111. 1111111. 11111111, 11111111111111111111111111

1111111111 111 111 11111111 1111111. 311111 111 Gr. 1111111111111
1111111 . 11111. 111111 111 1111111111 11111111111111111111 6111

ἒι111111111 1111 1111 1111111111. 111 1111111111 18111). 11111 ὓ111 1.
11111111111111111111111111111111 11111111
111111111111111111111111111 1111111111. 111111 1111111111, 111 11.
111 1111111 3111 111 1123, 1111111 111111111101. ubet 111 1111131111
11111111.υ111152131113ἳ1151111111η1κη11111111 &ff 11111 111 1111111111 11111111

1 111. 11131111. 1570-1615,
1111111 1111111111111111111ὲ11111 111111 ‘. 11111 111 11111110 1111
11111 (11. 11111 1111 11111111 11111 111, 111 1111 111 111111111111 3111
111 1110, 1. 1111 11111 111111111111111111111111111111111111 10 31111
1111 111111) - 1. 111 1111111111111 111111 1111118111 1111 1111 1111111111
1. 111111111111 111111111111111 11 1 1111. 11111111 111 111111 11.
Μ’ ωδ1111ἒέ11111119111111”11111’11111111’111ἱὶ111121
ξιῗιῇἓιιιῗὲῆ 111 . 311111111111. 1. 11ι 11 11111111 111 11111· fluctu
1111 Or. 1111 111 figam 111111. 11111, 1111111 1111 1111111 11 1. 111

111111111;,111“1ῑ 1111111111111111111111111ῗ
111111111111111111111111111111111·’1111ἕέ111911
1111111111. 111111111111111111111111 111 1811111111 1. 111 11111 1111111111
1111111111111111111111111111111111111ῗῖ
11ῗ11111111111111ἷ1ς-,1111 111111 11 1111 1111111111. 1111111111
1111111 (11., 1111111111 111 111 1111111111 11111, 1111111111111111111

111..1111..11.11-..11 ‚

11 ῧ1111111111111 61111111 111111111111111 11111111 .

 

