,161

giuti 11111111 &L 65 udu. (11. Sequuntur aliqua 111 chronius
temouueuuium 111. 16 a 1.-19. 1111 1111111 111 111111111111
11 1 1111111 111 111 u* 11
11119111.11111111111111111111111161111111. 11111ὓέ66, glo 5²8l
91111111111111 11 portu Occidentalj. 1³00. 11111. 11111111
111. 937, 911, 1666 1. 19111. Ex Chronica Padelborn. [111. 1616,
1111011.113.1.19111111111ἓὲ11·111..06111”11.11.Ιὲ1;
1111111111. 11151111. Capul 2301an in portu occidentulj.
1191. ut. 61111), 1. ut. 11 adu-62 adv. 111111111111111111·
11111111, 1111 111 11111114111111111. uun bufegeu 11111111111111
11111,,111”1111111.Ϋῖ1111.”111’11111 111111 1111111111. 11. 1111131
ἒῗέἔιιὲ1ἕτιιὶε1ἓὲτιξῖἓεειιιθ1. 111 61111111ω1111111111 1161 Q. 65 111 111

. . guussrepss 1111 Madv. 1., 111 1111111111
1. 111111. 1966 111 161-116; 111111111111111161111111. 1391-1396).
9111111111 1111111111· 11111ῗὲ111111111Μ1ἶ111ἷώ11
{fluctuans nurguggeueife 1111 111111111-1111111 11111ίῖ1111ἰῶ ῐ11011
1111111 1111111111111111111111111, 111 11111111 111111 1111111,
ku& 111 111 1. 1111111 111111 ub. 11131111111111111111111111111.
111. 1. uum 1. 1111111111. 111111 111. 1111111 111111111111. &u
1111111 111111ἷέ19111ἒέ 11111111*1111111·111113131ἐὲ
ΨΜ 111 111 uu 11, 1111111111. uuaur't, [11118111111111111111111
11111111111111111111.111111111131111111111ξὲ
1111111 11111 111111, 11111111 111 1. 11111151 &a 1 1111131111 1. 11111
1111131 a& 1111111111111 1113111111111 1111 {utem 111111111111111.
1111111116 1161111111 11111 1111 111 1111111ᾓ11 1. 111111 11111
1 11461 11111111. 111 111 11111111 111 111111 b. 1111111111 1111
11111 11111 1111111111 1. 111111111111 11111 111111 1111 6111111111. -
231. 111-66 De 111111111101111111 1111111111 81111111111111
191111111111161*11161 1111111 1111111111
mh 11111111 1111111Β 111. 1111111111 11111110111011111111έ11111,
111. 111 111111 6111111 111111 1. (11111111, 11. 111 (ἓ111111111 111 111111.
iuuabunt, 111. 111 1111111111 (1111111 516 111 11111. 111. 1. 1111 61111
affigat απιῖἓῄτιὲωῗατ 11 Lev. v. Northof, 111111 111111. 111

1 11111 nt 11111, 111 1111111111 1. 1111111111 1111,

1. 111111. 64 1111. aga-stum einige 111. 11111111, 11111η11. 111 11111·

111 11 1166, 111. 111 6111111111 1. 1111111 1156, 1111.

111 zuzzanum ⁵’'bet 1111111111 111 1. 31111111 11 §filu 1161 11111.
111 811111 111 11 1111111111111111 11 111 11111 . 11111111.
111 11111111. 9111111 1. 11111111, 1111111111. 111 11. 1111111111
1111111111111111. 11111 Mutunus 1. 1111 G 1111111111-
11111101·11101111Ρέ1111111110111111111111111·
’16 &nauta nummum 111 11. 67 adv. 1111 111 uotigssen 111. 11111
1111111 1. 1111111 1196 1. 1. 1111111 111111111111 u 1166 1. 111
ut. 16115. 11111111 1111111111. 1191, 111 11111111 (1111. 1111111111
1. 11111111. 111111. 11111 . 1366, 11111111 1 111 111111 1111111-
1111111111 116 111. 911111 1. 1. 1111111 1111811 . 1. 6111, ὒ111111.
n. 1111111111 11641111. 61101111111ὃ. 1111111 1. 1111111111, 111

11. 1111111111 1111 1. 11111. 1. 11111, 111 1. ,61111111 1111 1111161·
36'

 

