243

gamm? {wie 1111111111 511 51111115111111111111111 11111111.
111111 (11111111, 1111111115η181111111111ἶ115ῗτ11111111111111113111111111Ψ11111ι1
1111111 1151111111, 1111111111 1111 1111111111 11511 11111111 1111111111·
111111115151111110111311,11111,111111111111111111·

1111 1170-1451, 11 111111111111ὓ151111. 1111 11111, 1111111111
111 1111111115 5111111111 111 11111115 1511 511 11 511111 1111115111,
111 5111111111 511 15. 31111.,5111111111.11111, 11111 111 1111111 111·

{mm 1111 5111 11511 111111111 15111511111111 ἓ

11111111 Q 5; 11111511 5. 1111111 Q 6· 11. 1111ῗῦυῇηὲ[11111
,111 1131111111 5115. 11111111. 111111 Q 103 1111111 111
ἓῗιιιῐὲι 11ἶῖ 111111·ιω 111 11118111 111111111ἶῖ Ῥέῐῗὲψ1ῗίἷῗῖ1ῷήἔ
{m 11111111 ὲ 15; 11111111511111), 1115111 111 1511111111, 1111111,
111111111111111111111’11111111111111111 51111
91111111111111111111 11111111, 1111111111 1. 511. 11. 11111 ’611111 111 111111
11111. (11 11111151111151 1111111 11 1111, 511 51111111 111111 11111
11 51111 1111111111 ,11111 1511511111 151111 11Ἰ 1151111. 1511

11115111. 111511, 1111 1111111111 1111111 11111111 11111111611111, 511
1111 511 15. 31111115. 11,]

⁵) 6111111151111 1111111111, 1111111511 1. 1111111111 1. 81511. 1 1151.
6111111115. 1131141. 1511. 111111. 51111 3111115111111111
(11511. 111 11111111111111111 511 11. 31111111, 1111111. 111111111111511
11 61111115, 111111 1111111. 11151111 111111 11 151151115115111, 5111 11
1511111115 511 1551115111 111 1111111113111 1111111111511 511 1111111·
1111111111111 11 6111111111 1156011111111111111. 1111. 1111111111 11
11111 1111115111 ung. 1111111511 5. 11111111. 1. 51111111 111. 9.
Q 74-16, 115. 11111151 11 ὕ111111111111111111111 1. 1. 11. 111 1.
QLXHI-LXV. 1. 1111111. 11 1111111111 Q 111-ΚΧ.) 61111111
51111 (1111111 ιι. 511 111 11111151111 11111111 111 11111 11111111 111
11111111 61111111511111 111111111, 11511 111111 11111111, 1111151. 1111·
1111111511111111611111111111 6111111151 1111111115. 111 511
1115111111. 11111111. 111 Q 11. 8. 11111111 1. 1. 1. Β 1511. (400 Q)
61111115. 1811.

. (1111111 111111 1111111111 1111 511111 1115-1559 111111.

11 115111111 111111111151 (5111111111511111151111111111 1510. 1111.
1111111111 (5111111. Q VII-XX . 1 ,511111 111 1111 511111111
511111, 11111. 111 1141, 11111 11111111 1. 111115 111 5111111 31111 111 511
1 1111111 1151 511 1111 11111111511111 1511111111111511,111111 1 1111
11111. 1111 Q 11111 11151 111 111111111111115 111 51118111 11111111
1 (11111111 1113111 51111151111111 511 1111111111111111; 111 1111
111111 1111 1111111 111 1111111111 ,11 511 11111511111111111111, 111
11111111,111111111111111111111111*11111111
115,, 511115111 11 51111111111115111 511 ὓ11111, 1111111111111111
111, 1151111111 11 1111111111 511 1111111111 51111111111111 5111111111
1111111 11 151111115, 51111 111111 1111111111 5111151111. 111 1111111111
1111 5111111111 11111, 1111151111111. -11, 11151 11, 511 1111 1 111 5111
1111111111111111111 111111111111 11 511111111, 11151 Qvtfi 1 1. 611·
1111111 111, 1111111111 111 1111111111 1. 11111111 1. 115111 111 111111

10'

 

