292

’1)161161, 111161. 111611. 1 1611), Historiae 1111611111 6116666666,-
- -Libr.111. erm elegiae. adornati. Glagov. 1621. 4. Q. 6111. Qu

iiam& sim. (11616. 611. 11611111 1116661166. iiiior. 61166. IV. 111. ΠΙ.)

1616611166. 6116111. 6. 1166666111). 6116.111611111.1. 61191111 u.
1161116116.. ,ir 6161111116. 1. 16. 61116. 1616. 661. Q. 16111661.
³⁶) 11161111,1166.(111.61611.11666),111611166611111 1116161, 6116.

111111. 1667. 86111161116666611116111 6116111661.

171611666661,6116,(166661611661111116- ·- Principum Lygio· ι11161611·
611161- -.6666 6166166.661116.11161.1611 4. Q. 1616661.

⁸⁰) 1616166166 6116661611 (11641), 1161661116 famil. 1111611116 Ligio· ·Bre·
gensis 616. 1661. 1666. 161. Q· 6616661.

’1166161116 (1111. (1 16661, Panegyricus virtuti 61 fortun. - ·- familiar.
113166616616111666111661116 616. Witteb. 1646. 4. Q. 1116661.

⁴⁰) 11161166, (1661111 16901, Durum Monsterbergonsium prosapia. 1161
61161111 1116111116. 1661611. libr. 8. Lips. 1661.) 1661116616 No-
111. 16167.

iiie irbtigen 6116661161 6111111111 1111 bie 6611616116 611 111111 1111111
6161166 1. 1161. 61161616ςί1.

..ι-,η

616611. 111·11. 6161661666,-111111,666 11161661, 1466 1111161 611 61666
11161116 6161111, icit 1466 6166116161111 6611 11616166 11. 6661 1116111 66
111111 16611116611611 611 6111111116 6111111111 66111666116161116 (11616661,
1111161116 61111 16 11663111 1111 1161616 61161661111161611 66 61111116.
661, 611 6661161111, 611 1116111 6. 61611611 6116111111 6111116116 11 'f 1461.
61 1111116 11111111 ibet 611 6111111111 1111616111666 cirre 16 1611111
1511161111, 6666111 616 61161161 61611. 1166161616 1439 11111161 1611111 bem
511411 6116111, ι1. eir 1611116 616111), 666 6116111 1611161, 1111111111 611
1. 3. 14761661111111. 1166 66111116 16161 111 666 66111 161616. 1111 rer:
11111616, 11616 1111111, 1616 16116161111661 611 6111111611116116111 11116 bier
meggelriier 1111116 616 6111111166 1116111111 1169111111. 116161 1616516116

6111116111 1111 16 611 11166111111116 61611611. 6116161611. rigi. Qum. 11611. ’

111616, {ion 11116166. 1111116 1166611111616111 (116611166-6411111.
1111111. u. 1111111111. 8611111. 111 61661616 Ser. 161. Siler. 6616

Q. 336-646. 3. 6. 1111611616 6161111. 1. 1. 111166 666 616111). 16, ’

mericii. ,111111 6111161661 6. 1.11661161“11611111166 61161. 11166166Ἰ

11111661,11111)16 6. 6111111161. 11111111 6161111 6111611161. V. 1614. ,

6.1.411 1111111116116611.161611616611661661666111111661616

1661616166666616666116666666666666666 1116116116.1616.·4 ,

1111.111616111),,1111611161161611111161166616). 6661661111161611
6. 3144014191 166111666161111. 6. 6111111111. 616 6611111116.1116116616

in 11611116. (666. 1161-66.) 11. 1. Q. 116-646. 11. 6. Q. 616-666, ’

6611111161 ,31111111 6161616116 61111. 61161. 11116166Ἰ 111 6.
611161. 11166161. 111111. cxxvii. 1646. 6168 111. ’
„ieter 61 1161116116, &tubicinibus 1611616166,6616161166181661

 

