387

111 61111111 111111 1111 1111111111 111. 111 (1111111111 11111111
1. 11111 111111111111111111111111,11111ὲ1111111 111 1111111111111·
1111111, (11111111 u. 11111111111111111111. 11111 1111111 11111111
1111111111111111111111· 1111111, 111111 11111111
1111111 111 111111. 111 1111111111 1111111 1)11111111111,111ι1111. 111 .
1111111 111111 11111. 1111111 111 1111111111111
1111111),111111 1111 1111 11111 11111111. 111111111ιὼ11 1111111 1111111111

111111111113111 111111111 11111. 111111 1111111 111) 111 111111111111161

111 1 11111 1111 11111111 1111111111) 1111111. - 1111 111111. 1111111111 1

1111 1111111111 1109 1111111111]
’1111111111111111111 ecclesiae fundatio 11 ipsius Episcoporum nomina.

1111111111. 111 1. 11. gam.. 111 1111111 111 θ1111111111τ111111ε111111 11111
(111 1. 1111111111 11111. 11111111 1. 1. 11. 111. 9. ῢ. 17. 11111111. 31).
[1111811111. 1111 111 1111111111 111111]

’111111111111111 1111111 111 1150. 111111. 1111111111111111111. 1.
1111111111. &darunt Nr. ΧΠ (8).

⁴) ,0111111111 11111111111111111-1551) 111 11111 11111111111111111111
1111111111 Winnigstadii („A. 1509. 11111111. 111 111. 1111111111
11111 1111111111111111. Pastor 11 S. Blasii 111111111” 11 1. 111111111.
(11111. b. 11111 Θ. 511; 1111111 11111 11 Η1111111111111 renat. Evange-
1111111. 11111 Q. 111111 3. 1500 111 111 1111111111 111 Winn. 1111111
111. 111111111111111. Θ. 101. 1. 11 1. 111111111. 11111. 1. 11111
Θ. 113), -11111111111111111111111 1-1010) 111 111 1111111111111 111
11111 11111111, 11111111111111111111111111111, 1111 1111 111111111111111
11111 1111111111, 1111111111.1 11 111111 (111111 111. 111111. 111111.
u. 1. 11. 1111. 1111 Ε. 331111. 11 1Ι. Θ. 151-411. - 1111 1111111. 11
1 1111111111111111) 111111111111 111111, 111111 11111111111,111 111111
11111111 1111111, 1111111111 111 111 1. 3. 100011111111. 11 11111111
111111- 11 111111 111 111111 0111111. 11. 111 111111 11 Q, 11 111 111
(111111. 1111 1111 1. 1. 11111111 1111111111. 1111111-11111111 1111 11 1.
11111111111111 1511111111 111 11111111. 111 (111111111111111111 11111111.
1. 1111111, 11111111. 6111111. 11 1111. 111. 07, 1111 1. 1111111111 111 11111111
11111111 ,111111111111111 01111111111111. 16001111111111111111
Episcopomm.“ (ῧ. 13-101). 11111111 1. S. 101111111111 111111. 11111
11111111, 111 11111111. 1. 111111. 111111. 1. 1111111111. 11111111. 11111111·
1111. 111111, 11111311111111111111111. 11111111.

[1111111111. 1111111 1111 1111111111 111 1111111111 1111111111 11111
9111 1. 1111. u. 1111111 111111 1111111111 11 111 111111. 1111111111111
u. 1116111111111111111 11 1111111111 1111111, 111111 111 11111111
1111111111 111 1111111111 11 111111,111 1111 11111 1111111111111 11 111·
1111. 111 11111111 111.1.11111111111ξ1.1050. 11111111111111111
1111110 1- 110111111 1111111
11118111111111111 11111111ἷη1111111111, 61111111. 111. 11), 111 11118111
111111111111111 111 1111111111 1111,1111 11111 11111111. 1111 11111111
11111 111 1111 111 111111 111 111111 11111 ennae, 11111. Β. 111 11111111

1111 11111111111111111111111,1111111111111 1111111. 111111 11111111.
25·

 

