175

15511555 5513555515 11an {1ng 15 3 15335 515 Ie (15 &tite ι51·
511 5555 55 151 55511555 ιι 551559 11155 555 55551541, 1536

ιι. 1543, ιι. 555 1515 5555 55515 555 ,1543 ιι. 1549. 5555ιὶ1 515
(1.5ι55. 5511151..) 115153. ιι. 4. 555 5551555115 515 5559. 51555 5ιι
,115555ουὶ5555 55555515]

5155555555 5555. 5515551111551511515. 5 (5551555515, 5515511155 1. chro-
nicon Pomeraniae 'rhomae Kantzovii br 5555535555 (5.1. bie
Ει5155551555 5155155151 55551111555551555 555. Θ. 5. 1155551555 3. De
Pomertnorum Regione 51 (151115 aut. Petr. Ohelopoeo 1575. (5. 5ιί
1551155555 Nr. 35.)

315. 1151555. 1151. 133 (51151 numer.) 555 5ιι 1115151. 11155515. 5. 5555115.
51551551.,555551511111151555555555555555555151515ιιιι5“
(5511155555 ιι. 5555 5551551555, 199111. 15 551.) 51. 555 3. 11515 bet
555. 115555155155555515515 515 555 55555515511555 1555115335
3. ,11155 mette 11555 59 511. 5ιι 555. 11555515. ς1155555515 (1151.
1153315 3. (5115. 5. 5115555555 5155111515 55551155515155151 (41 Ξ.)
Ε. 551. 1115555555 Nr. 33. 4. 51155551 651155 (55515551 51555 555 555
555 5555555 51511155 15 53. 1560 ιι. 515 555 5515555 5555 555 55555555
555ι5555ι155115551ι555555, 5. 5551155 555515. (151515.) fib. 5555. 1555
51555551.

‘31 ,55555155 55511. 5555155515. 5. 55155, 1ιιι 115515 5ιίι 5551555ι (55555.
3176. 515 5155 1155551515 555 15555511 51555551, 555515 ι15ι511. 1115555
5ιιι’5 (5555515515 ιι. 555 9. 31515 555555115555551555 §pumen
55515, 555 5115ι1. 51515555 515ιι551551155 5515515151 151, 555
5511555.

53335 5· ι 3 51 135155
mn: · 59111155 lese ‚ 11110 nna 015115
5-1549), 55555 5555 31151, 5. 5. 3151. ιι. 51115151 Νι. 355 3. 5156155555
55555 5155555. 555555 (1 &k 3. 1151515555 (38) Episcoporum Ca·
minensium nsque 551115ήί5555 huius nominis mundum 515. (551551
0551511155) 555 3 Θ. (1151. a. a-D.); 4. Descriptio 15515155ιί55,
155515 5555 5555555151, 555 3¹32 &3 511115 Philippi Ι. (5 1555),
515515 5555555551151151. 1151. 5. u. D. - 6. „Stamlinio und (15555-
logia 1155 55555555 1155 sDomuum 35 5555553155 suantibor bem
515555, §Det 55 5515551 551 5515500355555555515555115511155155
555 1115551555 5555111555 55555551151555 515515 555 35 Pinno (333,
5555555 355 5155ι 5515 (5551511 5555511515. 1155 515555 15555555 5555
515 555 55515533555115511551151.“ (355 Θ.) (55551155555151555 555
5155555555 (5555515515, 555355555555555515555115 551 5551155.
55555555 1155515515, 555 315515 5ιι 51555515. 51155555515, u.
ιίιιιι 155555 55155555 515 1303. 11151. Nr. 33.)

¹¹) 55555151. 15 551. 1ιι 555 51. 155555551551511515. 55 &testim ,1155115
555555 ιι. 1115515155 555 51555155 5151555555515,5515551ι55555ι5
Phil. Wutphalum 3. 5155555551. 51. 1557. 5. 34.21u3.“'&. 1-34.
351115. 35. -351 3. 5515 555 3555555155 55555515 (55555

 

