284

1555115551 35155555551551 1115 555 555 5551115511 61551 5155151515,
555 111 5551 5151155155155 15155515 5555155555. aaa 511511 555 551555
(5155111155 5115 (5555515555151551555555555. 1155 1555 555 5511 5555115551
555 5155555, 5151155511 555 55111555, 55511115 11155551, 515155, 5115551155,
515155511555, 5111515555, 5151555555, 55115111, 51115155, 5155515, Dcite*
55155555, 51115555, 555115, 515. 5555515 (5511111555 555555111115511 151555.
(5515155155, 555155, 5515555, 5555555555, 5555511555, 6155555, 15555-
5511555, 5551555115, 555 555551155151155, 515 55 55515 55515155 55 11555111
555 15551515, 515. 5151515555 (1556), 1155 5555155 551. 51111115 511515 . ..
Joaohimvm Curcum Freystadiensom . .. 15 5515151155565555 5515555555
35511551 5555. . . 5555551151- - 5555 5515111515 5111515 55 &12
555 515. 5555511. 5. 5115511 1555. 1151. (55151111 1115551511 555 555 55555.
0515515555155.) 555511111- 1586 11111 ῧ1155155155155, 55555 Sim:
Laut. 11511511 151515 555 ,5555555 5155515551 5151511155, 5155551155,
51515155111155, 6515551155 u. 5115555 5111551515 151115 55155 5151515 1551555
5511155 15 515155 (5155555 Ι.) 5555155555.

b. 6511511155 (15115551 chronica, 1555111555 15115. 55151555 555 555
5515115. 5155555 5. 1. 15. 511 55 551115 55515155 51155551 5551555555 555
555 5551151555 511 5511 515 155155 5511 1115 5555555 551. 551115555155511.
0111511111 15 551515. 555515 5515515555 355. 5555 55555511515555 551115.
11111515 55555511. 1. 155. 5515515. 1. 55. 15115555551555. 4. (mit
15555151151111515111555 u. 1. 15. 11511155155.)

5. 5151511155 555 551 5511555555155(ἕ155151551151511555111
(1111511155. 155515555- - 1115155515. 555 55555515. obet 555 511511
(55151155, 51. 15. uua> 1555 555 5511 5515115. 5155. 11. 1. 15. 5115 gu Ω.
55515155 u. 1. 15. 1151555555 (1556), 1155 5555555 551. 1551155515 155511
05155515551515. 555515 5515551551 35511551 5555 - -55555511151, 555
555 555115555511151 5555 5515 5555115511, 1551515151 555 55555115511 11555
1511 51551 155555 1151555 5115 55111551111555 5555515515, 11155 1511 55515
55515155 511 555555 555 1555551, 515. 5151555555 (1527), 55 5551155111
011151 Chronicon 511551, 5115 51111 51515 5511115571 111 555 5551511511 555
15511 5555115551 5511151 51555 1151555 5515511555 555 555555 5551511511 1155
55511555 5555555511, 5555155551. 55555 5515515515 1111 15111 55 65555, 515.
1415 Θ.) 55515555551587. 551.

[551. (Θ. 1—223) 15552ι (53225-353) 5111551155 555 Gur. 51155ι
1 1111· 51111111 1155511551-151

1515 5555115555 551
5115551555515555 1551511555, 55511555 55515151115555 51 nge-5- 551.
511151511151111155111151111-15115 111151
155555 515 1115115. 5551111515515- 5115555 5. 5555555111 Q 151-551 515
555· &abta 1515555, 1155511151, 555 5, 5151511511, 5151155515 ¹!- &miv
555, 51555111 6. 162-353 515555 1151155151155555551, 555115 S. 555
-353 5151515115. 5555511 515 5. 65151155 515 5151 35. 511155.. 555555
5.· 55555). - 5111511155 Z 111 (Q. 335-426) 555 5515115555 mammea.
1115515555 511 115555 1555 55555555551151 5 655555 51 5556515555
555 55555 5511 511, 55 5155551555 51555 5511 5511551511, 555 1511555115 1

 

