153

1111 111111111111 ³. 8111111. 0111111111 1111111111 11111. VI. (Dobronili.
1611. 11. Danuui. 1141. 11111181111111111111 01. 111 1111111111
11ξ111111111 1111111111) 11111111 1. 111111111.)

[Diu . 1111111 11 11111111116111111111111111 1111111 bo 11111 111
11111111 131111 1111111111 111 u. 1111 11111 &cqc 111111111111111 1111

1111111111111 11111111 1111111ῐί111 111 11111111 1111111111 ἆυ 1111
111 1111111111. 111 111111111111ᾒ111 ἒ111111111, 1111111 11 1111111
1111113111, 11111111 111 11111111 1, 1 111111111111111161111111,

111111 1) 11 1111111111111111111111111111111111113111111 1.

111111 1111111, 1111111111, 111 111 1. ooo. 1. 11111 1111111 1111111111
1 1111111111111 w 111111. 111111111111111 1111111 11 1111 11111

111 11. -1111 111 ’1111111 1111111111 111 111 11111111 111 1111111111
(11. p. 140 11.) 11111111 1111 1111 111 11 111 Bandeno 11111 1111111]

’11 (1111111111 Polonorum usquo 1111. 1113. 11 Ρ1111, Menum. Gonu.
histor. 111. 11. p. 413-178. 1111. 111 (1111111. 111. 11111-413.

¹¹¹) ’1111111111 1ῧ11111111 ς1111111111), 0111111111 -1113, 11 8111111111·
borg'o 81111111. 111. 8111111111. 1111. p. 18-78. Q 111. 111111111111.
11111. 111. 4. (oet 1111111111 11111111 (11111111 111 111 1111111 1111111111
1111111111.)

’1111111111 Protenorum. 1111 111111111111 1. 1111111111 1111111111,
1111111 1111 1111111111 131111 1. 1111111111111111111111111 ῧ1111111 111
1111111111 1141111111. ooo 111 111111 1111111111 1111111. 111
11111111111111111111111111111111111 18111111. &193-
111. (ὧ. ooo-206. 111. 1. 11111111. 1. Band. Pmtenor. Θ. ooo-217. 1111
1111111111111 11111 (1111111111111.) - 11.111.,1)11111’1 11111111
1111111111. 11111 1111111111 11111111 111111111111 11 1. 111111
111111. 1111111111111111. 1850. 111. 9. 6. 311-367. 1111111111. 1111111
11111. 111 3111111, 1111. mit 1111111111 111 ,1111111111 111111. 1111-
141; 1111111 111111111111. ἓ. 346-348; 111 111111. 1111 Q 318-361.)
111 1111111111 1111311111111111 1111 11 11111 ,1111111111111 1. 1111. 9.
11111* 1111111111. -11111111111, Boudorio Protonorum 11111111. 11-
signis 1111 clenodia regni Poloniao 1111111 11111111111111111. Kmko'w
1151. 11111 16111111. - 111 111111 11111111 1111111 111 111 31111111
111 1111111111. 11111111. 111.4.15.404-414.-1111 Dtiginot 111 Band.
Prot. 11111111 1111, 111 1111111111 1111111111, 11 1111111 1111111111 3111·
1111111111 1. 111 111 1111111. 11111111. 11 1111111111 111111. 111 111
1. 111111 111 16. 31111111. 1111 1. 1111 ,1111111111 Ρ1111111111. 111111·
losimo Quadringentesimo docimo. In 11111 1111111111 Apostolorum 1111111
1111111111 111111111111 Regem Poloniao 111111, 11 por ouodom 1111111
1111111,11111111111 adducta 11 in 11111111101111111111 suspensa. Quae
1111111111 in huno modum 1111111 depicta. Ε1111111111111111111111
1111111 dlugoosij (111111110111111111. 1111111111 111 exemplum
111111 Β11111111111 in Repositorio 0111111111110111111111111111 a pro·
(1111111111 dlugossio ibidem 1111111111 Anno domini 1. 4. 4. 8⁴¹3 1. 111
111 1111111111. 6111111111111. 114. 111 1. 1111111 111 11. 31111, 1111
11111111 111111 111 111111 1111111111 3. 1 11111. 11 11. 111, 1111111111. 111
1111 omnm 1111111111, 111 111111 11111111. 1. 1111111111 1111111111

 

