196

13111 111. 11111 1111111111111111 61111111 1. 1111111111 1111 1111.
1111111111. 11ἳ11111111111111 (111. 4111-10 ). 1111111111) 111 111
1111111111 111111 11111111 1. 111111111111 11111) 1111111111 1111. 531-141.)
111111 1. 111111 11111111 1111111111111111 111 1016. 11111111 11111 11114
111111. 11111111 1111111111111 1051. ,11111111111111111111 1066 (2³1. 1111.
’116ἓέμὲεξῗῗ11111ῃῇἓ’.1111ζέἓῖῗῧξῖἷζέιέᾟὲῗ’ὲὲὲζιῖῐοὲῗ
111ῗζ111111ἷ1111ἷ11ἶ 11η·..1111ῗῖ1’.111 1111111111
0613. 1111111 1111. 66). 11113111113111 1))111111111 1. Qssttflentbumc
11111111111111..11111111111111
11111111111111 1. 1111111111111111111 u. 1111111111ἓὲ affetu& {1613
ffl 11111111111311,101111111ιί1.)1ῗῖτ1ιὲρ181ξειξῗ6 ffiffl‘tfssffistnss 1. 111111 1
ἒιῇἶῦἶῃδῖἵῗίἰἷῗῗΰῑςᾞϋιέἒηῖῧ 1βἙῦίιιέ1ιῖιιῗιῗηὲῗῖἶοᾎιιὲῗιῗ1ῑιῗι 11111ξὲ
1111111 1101 1111.113.).β111111 111 1111111111 11 Ι111111.Ι 11111111 11
11111111 11111 ..11111111 1111111. 1 1111
111131111111111131111

111 1 1111. . . . ,, 2
Ξ111111111111111ῖὲἓῆ111ῗέ11ῤ1ῗᾶ1111111111.
1111111111 1111.ῗέἒὲ 1111111111 11Ῥὲ1311ῗῖ1ῒὲ
9111111111ἔὲ11ἒῗ“1.”1.11111.ἶ1ἶῗὲῗέἲῗῐῖιὲῗἕῗὶἒξῑῑ
111111111111 1111 1136811. 111 11111111 1. 1111111 111· 1311. 811111 111
1111111111 1111111111 11111 1111111111, 111111. 1111161111 111111 111111·
111 11. 1. (11111111 11. 11111111 1116111111 1. 11111 111111111111111111
111. 146.) 1111111111 111 1111111). Dromo, 1. 1111111111 11 1111111111,
1111111111 1111 11111111 . 1111111111111111, 1111111111111161111111111111.

uetssl. 1111. 1511111. [.147-161.111.114-116), 111111 1111 1111111.
&agada 1. 1111111111 1411111111. 6111111111 1414 11. 111111
11111). mie 1111111111 1111111 111 1111111111. 11111111 1111111 111
11111 1. 11111111. (111 31111. 111111111111111180. 1. ξς. 1310 1111
flamia 1. 1311111. (1111111111 111 111111111111111 1334111115ς 111.
1111 11111111 Ι.111.119; 1111 11111111) 11111141-111 1. “g 11. 1111

1111111111 11111 11111111. 1111111 111 11111111 11. 1111111 1111 11111111.
stt. 11161. 111111 1111 1111111111. 111. Θ111111111 1111111111 11. 1111
1. 1111111111 1314 (11. 1111-116. 111. 111 1111 11111 (111 111-
183.) 1111111111 6111111111413 1136131). duait 11111111 111
6111111111 1. 1111111111 1419 111. 161). 1111111111 mamam 11111)
11111111 1. 1θ11111460111165.) 11111111 11. 111 13111111 1. 11111
111111111111111111.16011). 111111 111 11. 101 1111111111 1317111191).
§egr 1111111111) 1111111111. 111 &ign 111 1111111111 1111111. 1111111111
1..11111111111111111111111111
1111111111111111111 141911. 1111111111 111111111111111 (1111161.-
111111.1111111111111.11· 1111
111 Dr. 1111111111 1461 1. 1111111 1111111111 111 (1111 111111 1. 161-168.)
’1111111111 1111 31111111. 111111 11 111 &tabum 111111 111 1111111111

 

