319

1111111111111111.11111111,11ῐ11111131111111.ῧ111111111, 111 11113411.)
(1111111111 110. G. 1111111111 usquo tempon, 11111 23111111. 111 1416 ιι.
1433 111111111111111, 1111 1111 1111 111111 1111111111111111111111,
111 11111 1111111111 11111 1111111.. 1111111111 1111111Θ1111111111111 11,
111 111111111111111,1. 1111111 111111 1111111. 1111111111 111 111 1111111
1111111111 1111111111 1. 3111111111111 1111. —- 11111111111. 111111 111111
111 1413, 111111 111 1421, 11231432, 1433. {331- 1111111111ὓ.
{13 111111Ξέ 3191 19111111177111-11111141ξὲ1111-(118111111111111161111101111111111τ &5123
111111 1111111111. 1111111111. 111 111111 1. 1111111 111. 1111 1111111 111
1118. 1111 11111. 11111111 111 1111111111 1111 1111111111 6111111111,
1131311111 1111111 11111111 1111131111 1111711111
p. 133-101. 1111111111 111 1111111111 1111 11111111 1. 11111, 1111111111
1111111111. 1111111111· 1111 11111 1111 11111111. 1111111. 1. 14311-1438,
,103-116. 0111111111311111111111111111111111111111101111
3111ξέ 'fs 1111ί ζἑ11111, 1111 1111. Dan. (1111111111 01111. (1111ὶὲ1. 211111.
111 1111111111. 1111111111, -ῑ1439 Ι111111 1111111. Q 11111 11111161111111
1111311111ῒ git 1111111111111 1111111111 111ἓ111111111111, 111 1. 111111
11111111 111113111111.111111111111111111’.111113ἵ
1111111, 111111. 11111111. 11111 1111111. 1111.13111111.111111. .
611111. 111111. 111. 1. Θ. 16 11. 11111111 1. 1. ὓ. 111303. ὅ. 125 11.

1 1111111111111111) 1111111 11111

1. 1111 ὃ. 63. - Ι11111111111111 11111111111111 (1111131111 111111

(11111. 11111 1. 111. 1111111101111111111 &a 11111. 111113111111
11. 1. 111. [-1581]. 11111111. 1533. 111· 1. 1. 1111111. 1111111111 61111.
chronicon 1-1596. 1111111. 1196. 3111 p. 177-423. 1111111 11111111-
111111’1 (1492 111 1ῦ11111 1. 1111111111 11111111111490-114011111
1111111111111111111 1111 1111111. 11. 11111111. 1111111111.) p. 111-415.
Ρ111. Engelbreehtii 31111ηοί1111 Abbatum 111111111111111111,
1111111111 1111111111111 11111111 3111111111 111111111111111111 illustrata

11111, 1111111111 1111. 31111111, 1111111. 11111111.Ι 1. ῡ111111111. 111
Effifffflss 11111ῖ611111111111ῗ111 1111111111ἓί
111111111111111 1111111111ιυί 11779-1061 111111 111 1 1111 111
1111111·11311113111111111111 3111111311..11“.111111ῑ
Fundana„ 11. 111 111 1111111111 111111111111111111111111111,1111
3..11131111.1311111111111..11·111111

¹⁷) W} J., 1111111111.111(111. 111. (1111111111.11111111111111111111111111. fflremm
1740 11.

[11116131 Chron. 1111111111. 311111113111. 1. 111111111111111.
ξ. 133. 133134 111 1111 11111111 111. 1. (31111111. 11111111. 111.

111111 1. 1111111111]
¹⁸) 0111111111, §Dte 1111111111 3111111111 11. 1. 11. 11. 1111 33111194).

[111. 1: 3111111 111111111111.1111111111.111111111 1. 1101-1103 (1. 1111
6. 111) ὥ. 3-1111

D. 01131311111111111111111111111. ¹¹) 3111111, Martini, e congregatione
S. 1111111 (1 1754) 11 aliorum 1111111. congreg. Rerum (11111111. 1111111111-

11111111 8111111111 1. 31111111 des historiens 1111 (1111111 11 111 1111111111.
10 311. 11111.1111-1111.111.

 

