205

3331-34.31.93).31111119113.13319..) 31111111 1113111119
1111133313 35). ))1111191 ιι). 1113111. ς1.311111113 1111111911 ιι 111·
1111111911111111111111113111111111111111111111.

11464 111131 (1111113111 3111111 13. 10419.) 1111111)υ 339131, Χ.

(Q 111-11613193..) 1313191.1.3111ι111116.931191331311191)
15313111-11911133..) 1113. 31911199 1., 31ι 111313131111113 9
33111131111111.1111,111111111111911111ι1113.1111191
11113113.1533431141931131113),1131131111

313 31311113) 1111111113.154314911113110).21ὶ101ῆ1111111β9
31139ιί1311)13111111,3111119111111111111113111,11111111,1911111111ξῖ
1111 1111 11111111) 1911111,ι 11 119111ο 11111111) Europae 91111311113111·
1111111,9111111911111111131111111111111,111111111111-111111111111,
3111111111 1111111111 1111,,11111,11108

ea ιιι om

111 111111 9111139113) 1311131111 311· 33111111 31193913. 3311113111. ιι
311 11113131133111111.1464911331)1111131111Ε1111119
9111311111111 311 1111.111 11 13’)1.-11.3.611111 11119).
0111111111. 11131 3311Ῐ3113 3 1111113119 311 1111 (11111111 Ε11111, -
111. 311Β11). deseri t Pomer. 111 1.33 (31111911 (19119113 (111
111111111111111,1111111111111111111, QX}
113. 3113313811) 1111139119 111111Μιι93133111313311311131119. -
IV. 311 Vita 1311199111, 1113, 1563 311111, 111113 113 3111, 111311.
111311 91111911, 131111 111111911911911911311 1111311 1111111131) 311111.)

3311111311, Annales Pomoraniae. 1111111119 11) 31131113119)
311 11131 3111111 3311111111 ιι. 11). 113 1311319111) 31113-
11111, 1) 13 3111111111) 311911119111), 111 31133111111311 11111111,
113 113119113131331113111313 911133113191111) 3111111311, 11191131)
31 1111 31311119 31111111 91939111, 31113 ’1311111131 311 13111 1113
3111111113 311111 331 (3131111111),111311 3119111191) 11191111,

311 ,1111191133 1131111111

1111111111)1111111111)11111.. 1111111111
11111 3111 eben 1191913111) 11111, 311 91, 1541 1111311191 1191111
3331111319 1131 33111113131111 1111131139 9111111111 1111 Q 11199113
111111..1111111111,11111111111111 111
ξι11ξ96,11311411111311111. 31191331ιὲ 114 Ν).13); 311 Boruss.
Fol. 135. 1311 chronogr. 311111 11131 11114331. 111811, 1111131391.
1317ς1131131131111911113131.,3311113311111311.311311111.11,ιι,”
,11111111111119.11111111 9111111,111111111111111
5919191118 131131) 1630), 11911111. 911313),(111111131319111533

W& [3111311111111311111111311111,,119111111391311Ἠ 1111111111-
1111111113131111111131119111131131119131111191311111913131111).
1113111) 8311111311 1191131111) 311311111193131. 11131191.

311113113111111111,1))111111111111111.1111“ο.1133,1ι.11,33111131,3131
13111119 1..).31131111131131 31111111 1911) 1111111 1,1.133,13331111111119131 1.).113311
⁴·''‘¹*“ ’1. 11 ,11111133131111111111) 3111111111 ,111111
ἔτι ι ε1111131111111111 311111). Fon 1111.- 11119 1311113113 1113 11111111 De 131 ω113
11, (1. OQ). Q. 11111 Q. 111.111.11111113114131131191131111111111)

 

