 

361

611 03163, 1336331 ιι 0111 11111611, 161111 11136136 0113·
,161111 31ι11331,6111ιιι 0611111330, 01611136613611
1111116316111331161131, 333333: 3333
1606, 1616 (016. (6.4 0 49-63.146-148.166.30611.306,616 011·
Μ1,ι111311101ι131ι.06 31613110611163113163331011ιιι 01111
1613 ιι 6331 οι1 ι16ι6ι 06. 4. 0, 67- 631, 106111611111 (06. 3.
0, 741 1.1 063 0. 33- 33, 0111 6ιι 1313. 31613110116303316,
ἐκ), 1001101111 63011113 ι.0131,136,..0113ἒ16.1.
43-46), 1111 03361166 13 016ιι61β6, 011 6 1 66),

0161 0113611313 0630631113311116113163 11166 1ιιι 60661,
0314113333 06..,’,.11.33333113131 6401111.
3311,3111.33,ιο3111341ὗ13371131313314133 1331331

33. 33313133, 3333 330.- 3333 3

11111 (063 1711.,11 013 ιιι(06,3
nuo 6111131113 (0 3,0,,1131 11,) ιιι 6 011331 6, 063133 (0 ..3.
0. 311, 113 0631113313 (063 0 146. 0 4,.0133), ιιιι
133 (233334. 0. 31611313 ιὶιῐι 1111 13131 ιιὶι 333le 0. 34, 33.
31163013 333333333 6111 6Ξ1111113161111111111111 (6116161160, 0111111113
013631( 0(61. 0 3411011οι1 131 ,63011310
,36 33, 36. 67 1,),11331111113 01311316 ιι 01311111 0.1
0, 331, 113 ιΙιιιτ 11ι11011111611(06 3, 0. 661, 131 6110316316.
ιιιιιιιιιιι ιιι ι13ιιι οι1Ιι11ιι 6ιι 6, 0113 (06 101111,
1131316 (0.1. 076), 0116 0111131111, (06 1. 0.136,
60613313. ιι 311331. 06.10.611,Κ13363(0610.103,
131611013116 1611310. 3,,0,36) 6163061330113331.
(06.1, 0,411,, 133 336, 1061116 0313113 06 3. 0. 76),
011161111116ᾶ1113111ωο1111 3611113311 (7036111 011661, 0111611 111
333111131333 3333 .........
03311ιί33 (0.3..0331 13103131 6133131611 ι’( 16331
1361163111. 0,1111 6ι10111.1131111113111οιιι13 36611
„39ch 06 3, 0. 1631, 6ιι 11133 1111411611101333-
distichon( 6401631633.11013ι11οι1611ιι16111
111611, 63 1613 (06. 4, 0. 31711..) 63116111616313011636.
6ιι 0136311113 1613 (064, 0.136 11) 3 0 031363163316116
011011111101131161131Κο6161210681611οΠ131611611111161111110111111
ιιιι1 ιι1. 01113310111113013,01613131061033) ι6111,
13611366 0333113113, 01111.

ιιι 133. 06 40133)

ι 0. 30-36), 111

0111111113· 1110116161 0111111113 0116 06 11111 ,11, 011ι6ι63113 0
0131ι11ιιιι(1136ι63111 611 Gr. 611ἑῖ 613116 16161316 01. 13611
1311 61ι 13333313 111161113361363 1111. β13111361 136163 111,]

01111111,

⁸¹) 6111111311, 01113131 1113 6133611133 6ιι 0111111131ιιι1113131
mamm» (Novum campum) 1311131331, 011113631133301. ι. 013
6111,- 6. ι, 0166316 06131. 01613 111 61ι 03616131. 6ιι 0131.
01, 16061606. 0. 37- 43,

(1111 6113116 ιιιιι6ι 6111 6133131113 1ιι 14 316163363311111611
1111111 61111111116311163 1136111 011111ι 6ιι 13. 31616316.)

 

