501

1111 1111111111, 111 11111111 111 1111111111 111 11111111, 1111 1111 1111111
111ῗ11111311111111111111111 11111111111111111511111
1111111111 1111111111111111111111111111111 333⁰
3. 11111111111111(1111111111111111611111811111111111·
11111111 1111111 1111111111 11111 1111111111. 1173. 1111111811
31111111 111118 1111111 11111111111111111111111 u. 1. 11111 Q]

11111111111111111. 11411 (122 111, 111111111111111. 111 17. 8111111111
3. 1811 111 1111111 111 Satn 11111 1111 u. 111 1111111111. 11111. 8111111

11111. 1. 1. 1111111111. (11111. Q XXXV.

ξ31ὒ11111111Λι-181. 111 1111 1111111111. 111111. 1. 171-1411 (111

1 11 11111.) 1111111111 &mugetus 31111111, 111. 481-8411.
ssrnb 1111111111 1111111111. 11111. 1411-1488. (b. 111111 abfgbr.
ἔξ·1ἔ1)τ’1.θ111.8ἓ1)111111911111181ῗἕῖβῦιΙἛῖ &²192 wlnltflgf θ11181ἆ111ἱ1111111
1118111 Ἥἓῦῦ1ῢὲἰῗ1ἰὲξιῗὶοῗιῖἓὲξυξὶε1ῃ 1111811 &gem 1,111111111111α11111ῃυ111τι1111111ἓ13111
11111111, 111111 1111111111 1111111111111111111 11. 111111 111111 111111.
‘¹¹¹ 311’1”“1“1““1.ῐ1111111ῗ 1111111111.1111111111
ffinffifftffiffffenbaerf‘sortfessung 1111 1111 1111811111 11 1. 1111111. 11111·

¹ 111111111101121111811111111.1141101111),18511111111111ῢ111111. 1111. 81·
11111111111111. 1. 11111111. (11111. Q. XXXV.

[1111111111. 111 1111111111 11. 1111111 1111111111,11111 1111111111 111
ἶῗ· 31111 1ῗὲ 1111111 1111 111111111113111111119111
,5911111111 11.) 1111111111 &mergum 3111111; 111. bob-400³.

11111 8111111111 1111111111. (1ἓ11111 (b. 811111 111111. Nr. V.);

Ι 1110ιὶ11111.61111111ἓ11ἰ1ῶ1131111ὶ1ὶ.]. t h ΜΟ
11111111111111111..·,1111ξ11111111111111..
1111. 111111 1111111111. 1111111111. 11111. Q XL.

[3111111 1.111111111111111111111111111111.1111111111171-
1414. gb. 111111 111. 111. 11. 1111111111). Q 1-87. 1. 111 1111111
11111 1111111111. 1111111. 1. 1111111 1. 11111118 1111111 118 111
ἒ1ἒ1111ἐ111111111111 1. 1111111111. 1484-1111. (b. 1111111111. 1111).

¹⁴) 111111111111. 11 111, 117 Q (111 111111111111111111. 1111111111 111111,
ubet 11111111 1111111111), 111. Β11111ζ1111. 19, 1111111111111111111.
1. 1111111. (11111111 1111111111111 111111 Johann 11111111111111111 ab amieo
Jodoco Mauritio 11111111. 1111111. Wostph. MDGkkaIII.)

[3111111 1. 1111111111 111111111111111111111111111111, 11111111111111,
1111111111111ς 111 1111111111, 1111111 111111311111, 1113. 1183, 1111
11111111 1111111 11111 1111111111, 11111111 1111 111 (1111111111, 11111111 111
1111111111 111 111111111111111111 11111111, 1. 17. Se 1. 1834, 11111111
1111 111 11111111 1. 1111111111 111111 11111 111 1111111 ῧ11111 311111,
1111111111 11 1111 111111111111·1141111111 ’11
111 1111111111 (111111111111 1111111111ζ1111111 1111, 11 1111111111
1111111111 111 1111111111111111111111 11 1111111 1111 1111 11111111 111111

 

