193

811111 111 1111111, 111 111 {Euda 111111 11 111111 ,1111111111
11111111 111 1111111111 1111111111111 11111 11 11111 111111
11111111111111111111”; 11111111111111111111 1111111111 , 11
11111111111111111111. 111. 1161 11 111 11111111 111 1111111111.
11111111111111111618,ι1111ι 111111111111111111.” 11111111
{gg 111111 1Ξ11ι1ι1ἐ11111ῗ1 11111ἓς11.ῠ11ἱ 111ἓ11111 111 1ῗῦ ί111ιᾶ1. 1. D.

1911· ¹‘ *dm* ¹¹¹¹ ⁰· 11111111111113111
1 ’1111111111 111 111

1113111111 11111111111111111. 111 ¹
f! ghebvenn 11111111111111 11

. 0

1131111111ἶ1111111ι11111111111 111 11 elegen 111, 11111
111 1111 1111111111 111 1111111111111611111 11 1111111 11
1 111, 111 1111111 otto 111111 111 111111111111,111 1111111111
111111 111111, 11111 1111 11111 111111 1111111111,1111111·5111 111111
1111111111, 111 1111 111111 11111 1111111 1111111. 1111111
1111 11 11 111111111111111,11111111 1111111111 11111 1 11111111,
1111111111ἓ1111111111111111 1. 1. ι1. 1111. 1111111111111111
φοωὲιῗέεἰταὲ 1111111161 1111 ἶ181111111ιὶ1 ,3¹¹ 111 1111111111.ε11111. .
ξίιὶιμὲαίηι ,1111111111 1ὲ 1. lg! inii {gugetrnstfflbtm 111. (68111111. .'
1. ί11117. 1111111181 {5quIzn'llnznt-mbqu.i αὶῖ11111111 ἓ1111111113ἒ1α111111τ181
Pomernnm 1111469 1111111111. 111 1111111111111111111,111
1118111111 1111111). {m Θ1111 e: Absolvit 1111111 Donto 11. 1111.
1591. 1. 11135111 1111111 111111, 11111111, 611111 1. 11111 1111
1111, 1111 111 1. 11111. 111111. 1111111111111.-ω1111111ι, Pu 1.
63111 ,1111111111 1. 1111111111 11113 111. 111, 11111111. me 11111)
11 81, 111 1. 16. 11. 17. 31111, 1111111111 1. 1111 11111111 mergit·
{bg 111η1ῃ1ῠ11π1ι11ί11ἒ011111αὲ11ἓί gozam& uebietntffienbefx:
6111111111 1111111. 11111 1111111111111111. .ιιι.” (111111
11111111 111 1111111 111111 111 111 111111. 1111311111. 111131.
1111111111111). 1111111 111111) 111 11111111111111131111111, 111
11111111. Bor. Qrt. 137, 1111 111 1111111111 111 1111111111 ,311 gabe
11111 11111111 111 1111111111 1111111111 1111111111111 1111 11
’,1111111111θ1111 mitt 1111111111, 111111 aud> 111 1111111111
aim& 1-11111111111111111111 1111111111
collectio antiqua, 11111111, 1111 1111111111 1111110110, 1595.
460 81). zita: ..1111111111 1111111 1111111 111 1111111111

11111 11111 111 1111111111 1111111111) 1111111111, 111 111 111111
3. 1540 11111111 1111111111 111 111. 11111111 1111111111111·
111111, 111111. 6111111111. 11111 1195 1111111111]ι 1111111111 11111
tine: ,Elogia 111111111111111 (1111111111. (1111111111 1111111111
Grimm ipso (111 111111 scribebat 111. 1111111111. G. 11911 -2 1111111.
11.111,111111111,1111
1111111111111111111111111111111’11111111111111
1. 1111111113311. 8111 ,1)11 11111 11111 111 1111111111 1111111111,
11111 1111111 1111 1111111 1. 1. ι1. aud) 1ι1 1111111 1111 3111111111. 311
1111111 (1111111111 1111111111 11111 1. 1. 11. ὓ1111311. 61111.
1111111111, 111111111111111 1111111111, 11111 1111111111 18.. 11
11111111111.1.111.1.·111111111111111111’11111
4 1111111. - 1111. 11 1.11111.11111. 1. 1111111 111111 „OE 1111111
1. 11111111· 11111111 1114, 11111111) 1111111 1111111).

1³

 

