6776177766 776 671167.

...-

Q 10. 11766. 111 616177 ,1177171ι 676 1167171777 17 11771677. - Q 16. 3. 7.
6. 667711. 1877761177 1. 1117761177. - 6661177376. 677 6677 11. (bob
legiut 1. 1161171171.-1616.3.73. 6677 6677 17. 6776777177 1. 67767717-1611.

3. 67. 677 6677 11. 1611. 1. 1171. - Q 64. 1. 117. 6. 1111. 116. 111. (1177717711 1

77616671. 61111161116717 6. babbenburg 1117777166. 7.16611766.1766.4.)
Q 76. 6. 1. 7. {debebam 9161777 3. 71711777 (9716176167. 676 6771168811·
61711776 bb. 6. 11771111. Q. 666 17- Q 36. 3. 6. 6. 117. 63. 11. 177 677
6777771777. 1. 17 677 6777771777. -— ibid. 3. 6. 667 77177 11. 1667177776 1. 777
7717711777- Q 42. 1. Nr. 35. 111717 116767. 6717776 116 1717677 177 8111767711
67117. - 676. 17777. 3. 77. 7. oben 17. 977 7. 7777. - (6.16. d· b'r. 77.
‘Me (1117171776 6177 7161 7776 677 911716. 6. 817777, 16776777 7776 677 1,
1177711771, 8617. 6. 1600 fg. 17677161. 1171. 1767177 Q 397 17- Q bl.
3. 26 6. Nr. 81 11. 806. 1. eod-812. - ibid. 1. Nr. 81. 'Pom-11. 117. 7. 5117
1166776 676 6767776 676111169116771 11. 111 6711171676. 176177671177, 717
6177166977. 777. Brunsv. 11, 116-156. - ibid. 3. 9. 6. 7771717 1. 117911.
17771777 1. Andreae. - Q 52. Nr. 86. ’17777 1. Nr. XIX. 11171 67717 11716711
6177717776 17 1.117777116177116677761. 66. 1. Q 616. 6711761 176 71761 771
617 9177677777 (16767. 6167777771, 1776777 771 617 667 617177 67717616
67777 9177767777. 116767. 6. 676677. Ser. 777. Brunsv. bb. 111. 1161. Βει
6711766 816177 177 71716777 6171616167. 7. 1. 76116. 6. Q 667-676. 7.

8776776776 177877711771778177616 bb. 6. Q 666-666. - Q 56. 3. 16. ¹
6677 66777 16. (1176776) 11. 661 1. 669. - Q 57. 3. 7. 6667717711977- .

gallenses 1. salisburgenses. - Q 66. Nr. 85. 11. 6 1167. 191167. 7. 11. 1663

-77 7. 7773-7774. - Q 77. 17777. 3. 7. n. 77777 7. vd. 1. vd. - 6. 77. ¹

1. bb. 11. Nr. 16. 677 11667671 677 1117167. Alberti 11. episc. Halb. 6. Leibn. ζ
111 671177, 711 b. 11616761. Ser. 777. Germ. 11, 381-985. - Q 66. 3. 80 6.
66777 (667 117. IX.) 11. -134 1. -166Ι 3. 61 (667117. XXV.) 1. -16661
7776. 3. 77. 3. 6. 17. 1677 7. 7777. 3. 47. 17. 7777 7. 7777. ibid. 17. 7777

1. 1989. ibid. 8. 48. 1. 11771. 11. 1985 I. 1984. ibid. 11. 1987 L 1988. 319. 1
11. 1966 1. 1967. Β. 50. 11177 6177177 1969 676 „fgst 11. 660017. 1. 196611. ¹

8. 77. 717. 177677-7777 7. 7777-6777. 177777 fg. 7. 7777-7777. 3. 77.

 

