Q

11011. 1. 0001 1101000 0. 1111010110 000 011001 1110000110. (6.101-100 0.
1111 01.) 1100. 0. 000 0. 01100 0000110000 001 01011 00000000. 0. 1011 1
0100010110 010 0011110οτ0. (0.104-111. 011011εὲ1. 1100. 3. ubet 0. 01οι 1
10 0111101011 0110. 10.- 0000010101 01101
11 111 0100111 31111101011011010311.010110111οἵ1 ¹
ἓο1111101080. 30001010001110000100 001· 111011 01000000. 010 0013001100
010010 1478. (6.158-180. 0. 11011001] 1

¹⁵) ’00001100 010οῑ, (0010100110 00 1100110 1110 1570. 110001 0110011 Annales
1101010 &243 10). ,000001101111010100101000000110100101100 000 (00110 0
11111100 00 0000100010. 00001110110011οΡ10100101000111011101, Diaconum ’
001111000010011000000001111111110 (1010011510.1 11000001101111001 1
10010011 101011 110011 ,1011116100110011000001000 01101 10010000οε11 1
01010οτ01100 00000011011100 0001000010010, 000 001000 οη, 010 001 ἒ
0000000100101101100 000000001000 0001111100 000 00010 1011000 Geor· 1
0111ιο.ι 0000100111 10 001. 6 (0100101010, 00100101 0001101000010011, 001 ff
001110010111101101001 00 11011101 1101101000. Fol 06. 07. 86. 808. 880. 1
ωωο-0000000000οΜ00οΜ
301101 000 0000101 0000 00100110. 11007. (035 Θ. 10 001.) 001 0010 1
11110 0011101000 (000 03 0.) 010 0001 01701 0010 000101. 0100111010
οὼωοἡοωμωωψὼωωψοοωωω
100011101οἰ0 031507. 1110001.11001010Β101.11101.Β10111101111.0.362.
0. 1101010000 011101. 1001100010. 001 111011 1110110000. 001. Θ. 340. 0
111. XXXVI. ’

000. 1101111 0100 00111100100 0101010010 000 01011 1110110000. 00010100 011100 1
0100000 00 010 0001 1. 0100100000 0010 000 1100111111. 3000011 100010

00. 010 00013. 1578. 1300011 0010 010. 001. 071 110. 010 01101100 1101000000 011 .

010101111101011111101111111111011111011

’1 · ’1 · ’1 , · ·1 ’ 1
0011111110100.0111010100,00101 1
10 &33 0110011011. 6 &3 11100001 1110111. 10 &a 300000 010. 10 010
1100101011 8100 3000110111. 19 &3 30 000 00111010 0 1101111118ῧο 1
3000110 (110010 0001. ξζιι 00111101001000010010 (0111111011. 0. 111010111οη0 1
000 1100100 001 0101111011, 010 (0το110000 0010111010 0. 010 1110100 111010 1
10100) 001 (00.,1111οζ1111100, (0111011,11000100,100110001900010; 0010 1
1110011101 000 80010001οτ0 0. 00110110101100 0101 1101, 001001 001110 001 ,
(0101001110 111 101ος 1011 01000000 1100011110 0100 00011101111010001011100000 1

1110011 0011111110οτ, 010 011000101011010110 010 001000 00001100

01000 010101110ος 0000111011, (0000101000, 010110100000 01101001 (01. 1
1111010, 01110111 1100 (001111 000110 0100 0. 001110 0000101001 0000 0010 ¹
0111001100110010101000111101000
,111.“1.1.1101“011111111· 0100111111..111111111111111 3
1001101 0000 10 00001011 00 ubet 0 0 00000000, 0. 1101010010 010 00 8001100, 1
1010110001010010 1000011 000101. 1101 100001 81101011 111111 et 1000 1
0000 10100 100010 110000 0110 0100οτ 00. 1110 10111011001101100011101.
1010110000011.0010011,1110.11110110,01οἓ0011000010111100,
1100000, 301100, Dav. 000110018001110, 11101100, 0000100,

 

