w

111111.1111111111)430.(311(1)111.11ι 1111111.3111111111131011.111.’311
ebron. Pogtviomo ι. 1111 11111111, .

111131.) 33. 340. 433. 443.
11111111 343.

-· 8. 1113111.

31(13.1111111111 (1111 3111111113 - 111111111 333 fg. 317. 36. 333.

11.) 464.

3111111111 31111. 11111. (3. 1. 11-

111311111-(1111111.) 377.
11111111 303. 313.
11111, Pompon. 333.
111111111111. 311. 411.
1111111111 133.
1111111111 103.
1111111 313.

- 151113111111133411.
- 81111111111 3131301.

31111111113111111 173.
1411111111 43.
111111, ’1111111111 333.

1111111111 4111111111 17.

- 111111111111111111111333
437.

Memorabilia 111111. 1111111. Terrae 3111111116, 1111111111. 333.

11111111. 333.
111111443. - 611111. ibid.

Mencken, 311. 11131111. 333-333.

31111111( (311111 11131.) 3311. 31.
11111111, 111111. 373-333. 336-333.

440. 461. 349.

11ωωω1ηηπωωω1

433 fg.
111111 43.
111111111333. ,
11111111 373.

-QO
- 1111111111. 334. 333.

1111111311 1111111111. 111.

303.

3111113111 (311131. 1. 31111. 1. 311.) 1111111. u. 31. 31111111. -· 31111111

333. 333. 333. 374.
1111111111 307 fg.
111111 (1111111) 333. 443. 333-333.
3111111111330. 1
311111 1. (3111111, 31111111. 1111111.
131111. 434-433.
11111111 de 11111 333. 363.
nichel, Ρ11. 146.
111111111,1111111.111 133. 130. 333. 304.
1110111311313-333. 37. 333.
1111111111 Annales 33311. - 111111.
0111111111 (730-1303) 333-111111,

111111113131111111. 311111. 1. 771
qmmfflmmwm
311111. 61111111. 1474-133730711.
300. 301. - 311111. 03111. 1. 1434
-1333 433. - 311111. 3311111.
773-1393. 316 fg. - 11111111. 01111
6111111301. 307. - 3111111. (33111.
11113 1133111111311111111111303.
493. 433. - 3111111111 11. 311 mie·
1111111111113 11311 bos-514.-
(311111. 1131113. 31131411. 11. 1.
&mmmmm

311111Ι (-1333) 333. - Uno 1. 1111111011,311.111.111111.331.

3111111111. (331111431
Miri 306. 313.
1113111111 333-401.
111111, Sub. 131.
11111111, (1111. 143 fg.
111111 333.
1111111, 3011. 333.
11111111. viansensis 333.
· - 11111111111. 61111111.

1111111111 131.
111111,Ες1“11.111 dor 173.
3111111, Andr. 33. 314.

-mmmm
31

Ν1111111111.11.3111111ι.11111340·343.

- 1. 3111111. 31111111 0. 3111111131·
1131111 337.

 

