,1111111111 1111111 1111111111 1111111111111111111111111111111111,

111 ,11111111 1131111111 mmmm (Ebtouit‘ 111 111111111111111.
611 111111 1

'mim zm glssffigt'fg‘fl' 1111111111 11111111 11111 1111 1110111·

’1)1111ω11111, 1111111, (11111. 111. ῦ111111111 1111111111111111111111
111 11111111 113111111111. 11. 1. Q 116. 1. 111 111111111111111111·
(111111. 111. 81). Marchionum Braudeburgonsium 11 Β1111111111111
1111111111πεί111 111. enarratio 1111111111. §Ded (1111 1111 1111111111
11111116 111 1111111111 11 111111111111, 1111 1111111111 11 111111
1111, 111 1111 1111111111 (1111111111 111 1111111111111111, 1111111111
111 111 11111111111111111111 1131111111111111111111, 11111111, 11111111·
1111, 11111 11111 111 111111 11111111 111 111111111111111111111111111
111 11111111111111 11111111 1111111111 111111111111 mit 1111111 11111
11111111. (17 Q) 31111591. 811 11111111. 111ῐ.1111ι1111.1.ὓ.
111. 1. 11311. 111. XI.

ἒ11111111111111111. 1111111111 111 1111111ἒί. 11 111 111 31111111
11111111 1111111111 weit„ 111 11111111 ubet 1111111 11., 11111. mett..
1111 ’1111 111 1111111111 . 111111111111Θ. 1111 1111111111 1111
1111111111 111 1111111. 1111 1111111 11111111. 111ὓ1111111111111111

²⁸) 111111111111, 1111111111 6111111111 11111 11111111111,111111111111
11 111111111111, 1111 1111111111, 1111111111,1111111111,111111,111
1111111111 1111 1111 1111 111111111111111111, 111111111111111111111
1111111 1111111111,1111 111111 1111111111111111111111111 11 111 111111
1111111. 111111111ηά11, anno 1619. 4. 13111111111111Β111.111111.Β111·
1111. 1146. 1111111111 111 111 11111111 111 61111111 111111, 6111111,

8111111111, 1111111111 1111111111. 1111 111111- -111111111111, 111111,
Ε111111, 111 111111111111 11111111, 1. 1. 11. 111111. 1619. 4.

“1 1111111111, soh, (111 1111111, 11111 111111 11111111 111 161011111111111
1111111 11111 1111111111 mlv 1118111111. 111111. 11111111 6111111. opusc.
histor. 11111111. illustrant. 1111111. Q 41-441, Decem 1 Familia
Burggraviorum Nurnborgensium Electorum Brandenbutgicorum Eicones, ¹
ad vivum expressae, Eorumque 1111 Gestae, una cum 11111111ςί11 fide
optima 111111111111111111111, 1616. 1. 11111. 1110 Q) Β111111. Anno
1616. 111. 111111. 11111111 Bibl. 1111111111υὰ. 1131411. 1. 1111111111
111111. 11111111. 111 11111 1111111111. 111. 1. Q. 311 11.

[111111 11111111111 (1111111. 11111 1111111112111. 111111111111111111111
111-4.)11111110.1ῦ.1-6.)111111 1111111111 1111111 11111
”t 1111111111 1. (Q 9-13.) 111 1113111111 11111111111111 111 111·
nd, 1.,11111111 111161111111111 111 11111111 1. 3111111 1111111111.
1111,1111.111111111111111111111
11111131111111111111111111
{lasti-b} 111Ἓέ Ι31111111 1111. Q 111-1018111111 11111. Q 101.
1151. 11111 1111111 11 11111 11111 81111111111111 1111111111 81111111
1111111111, 111111 giu 111111 11111111. - 111 11111111. 1111 111 1111·
1111111111111111..111111111 1111
11111111.’111111111,11181111111 IL 1111111111111111,11111ι

 

