585

1055105 5551150555 57. ··- 1051501001 3551501511 131.

55511οο55 343 fg. 3501155111 1110111. 111. B.) 14.
··- 5511150555 343. 3501555105 355.
1110511515 Suo 55 343. 150153. 3501501015 351.

353 fg. 300331. 355501 mon. 050. 555 1551115055 κο- ¹

Amynan Suo 55. 331. 351. 457. star. 37.

10551055 (150515050515343. 355511. mon. (1501151151. 51550. 051. 2

1011115, 3011. vigilantius 13. Boicar. 57.
10511155 15. 35515555 417 fg.
1001 1155501500 443. 501. 505 ffl- 35510000 305313.
3511111. 507. 501. 355105,Ρο1. 353. 355.
1000115155. corbeiam. 453. 35001500, 151. chr. 31. 33.
mom v. 515555 555. 55. 555 15. 0515551. v. 5 515. 555 455.
533. 00. Baikor, 11 01151. 131010. 5. Β.) 15.
15551511 433. 35155 145.
115511515515. 351. Belius ³05.
Anapum 354. Belou, J. G. 5. 17.
15551001 33. 35055 15 11511011. 303. 31. 151. 356.
Auctarium Affligomenn 55. 455. - b. 1151050 333.
- (150111050ίοῦ6λῆ 35055511 1535005105 550110. 51.
Auctoris 1055011 5530501337. 511. 15 3. 3500505 xpm 11150. 457.
1151111111ῃοοβ10 1. 337. 3505110500, 501. 343 [g.
Amtnun 1115155155 ps. 1515015040. 335. 3515111 v. Geutorbog. 315.
1051011ιο50. 51050. 5111015504. Bergomum, 155. 5. 11 1115115111
{uem 001 &bert 8171511 1551 513.) 14.
35 fg. 75. &erun 15.
3100 5555511 555 dor 1050501500 35051150. 40. 331. 347.
0050155515. 135 fg. 3500150, 11100. 15 455.
5001515115155515505511151155. 3555055011, 151. v. 5. (Hist- 7755101)
1. 1105500500. 410 fg. 105111. 3551615001.) 407.
luam 501 bet 3315111155 5155155 35111511 55. 40. 501.
1851005015. 35551οι51547 fg. 373.
Aventinus 534. 57. 3555515011, Arna 15 1. 1001.
1105500, Sylloge 1055155550511. 31515151 403.
31501101 313.
Β· 005555. 0.
3550515150, 151, 350. 1115100415 fg.
- 105, 357. 310150, sigim. 5. 45.
- fiebat„ 355. 1551551 400.
355515 150. 375. 333. 3511505501501. Ger-tubum.
Balbinus 303. 333. 3511005 314.
3511010 341. 3515 435. 455.
35111115 6105150 345. 51111510150551.315113115155451.
350350 417. 3510050, Font- 550. Gom. 53-50·
3503501 350 fg. 350-353. 453 11.

 

