m

1. 11111 11 111 11111111, 111 1111111 111δ1111ι 1. 11111. &a 111
111111111111911ἔὲ111.1111111111111111111111111

Ε1111111 111 1111111111 1111111 111 111911191111 111191“,11111111111119 z
111 1111111111.) 1191111191. 11111111 ,11111119 111111111111111 1

91111111911 111191 11 1111111111, 91111111 1111191 Sigis-

11111111.111Α11111ο 1111111,1’111111111111” 1111111ὲ19 ῦ- 1

111, 111111111111111 1111111, 11119111111911 1111111 111111

ἷῑθτῦωῗιὶἱεώἱῗὲ ἓτέἒῐξιιιῗξεῖἱτξώιη 11111 Ω11111111 Q). 3111111 1111 1ο ὢ.)

1111 1111111119 11111 &tame 1. 6119111111 11 1111111111 11111111. 8111

1111’1111“11”ἔ 11311111 11111111111111111ῗ“““““’
. , . .

’1)1111111191’1,111111, Annales, 1111111111111119 111 111111111111 1111
9111111111, 11 11 1111111111 111 Δ. 1111. 111 1611. 113111 111 1111111 seculo

111119 111 .11119191111111111.116.), 11111 111 ι

1119111111. 11111111. 111 4. 111 111111191. 1111111111. 11 1111911119. 891. 1

11111. 1111111111 im 1111111111. 111111. 11. 1. 6. 111. ’
²⁴) 11111111 11111111, 1111111), 1111111111, ,111911111111111111111111119111119·,

111 111 11911111 9111))111111191111. 111 1119111111111 111 611111. 1191.
1111111119111119111 11111111119. Θ. 161. - 6111 (1111111111 (111111) ,
1111111111 111 1111111111111111. 911111911119 S. 46. IL 111. 1. 111 „001- 1
11111111 1111111111 111 911, 11111 1111111 1. 1111111 111 1111111. 111111

,111111111111101111111111111111111111111111111111111111.111111 ’ ,

111911. 1181111611111. 11911111111111ε ,111 (11111111 1113 1
emmae* 11 11111111191111111111. 91 11111911111111111119. 111. 113. 1

11. 111111-111 111. 111. 111. 111911111-111. 11. 11. 111 111 ³

111111111111111111111191111111111111111111111111111111111
111111 11111111) 111 11111111. 11111111 111. 1. 11111111. 531-

166. 111111 1111111111 1111 111111 11111 1111111. 11111 11111111 11111111, 1111 1
111 111 11111111 1111 1111191 1111 11111 111111 1111111111111111111911 1.

111111119111111111.) 1191. 11111111 1. 1. D· 1. 114-116.

[111111 1111111, 111119 111111111111111111111111111111, 11111111, 1111 ³

11111111111111319 91911111111111 1191111111, 1111 1111111111111111
11111111 111 11111911 15101. 1111, gemet 111 1551111 Ι119111111 1111111
111111111111911111 1119111111191111111, 1111111111 1 1111111 111 111
111111 1. &t 1111 119111111111 1111111111 1111111 11111111 81111111
1111111111911, 1111111 111 11111111 111 111111111111911111 1111 &riv
111 u. 111 1111111111 1111111111 111 11111111111111111 111 1111111111. -—
111111111, 1111 11 1111911119 911111. 1111111111111111111, 11111 1111
11111 111 1111 1111111111 9111111111 1111111111 1119111111]

111113. 1111111111 11111111. 111 11111111911119. 111111111111111
(811111), 1111 11111 1111111911 1111111119 111111111911 11111111 1111

9111111111, 111111111111111 1111111111 111119111191111111. 1111111, 1

111 111 111 (11111111111111191111111111 91111111 11111111111111111111
11131111 1117-1119111111111111, 1191911 111 (11111111 111 11111191
11111111 1. 111 111111111191 11191111 1111111 1111111111 11111191. 11111
1111 11111111 111 1111111191 111 1111111 1111, 111 111111 11111111111119

11111 1111111911111.1111191 1111111111. 1191. 1111111 1. m 6111111. 3

 

