428
ἒι1111 111 1111111,11111111,1>111 1. 61111111ιί11ἱ1ᾠιι 11 mn 11,

11111111 111. 3111111111 1111111111111 1111111 ιε
1111111 11. 11111111 ,1111111111 11 111111 1511 1111. 165111. (1 &k 1
,1111111111Θ1111111111111111181311111111111111111
,1111111111 ff} 3 1011111111 ab 111111111111311, 111117111131111111
011111.κ (11111111 (1111 1111111111 11 1111111 11111111 1 . 2. Q 1111
1611111111,111111111111111111111111111( 11111515·
(1111111111 11111 11111 (1111111111111) 111. 118-181 (5111 &3353st
1111111111111 11111111111111.1111111ιιι,1ιι 111 ιιι
111111111111111111111111111131.“111.181,186 mk ‚8012
1111111111ῧ111111111ιι. 11111111111111111 11111511.

111· 11 11 111111 11·ιῦ 11 1111111111111131111 111

ιι. 1111111111)1 (161116.) 11. 115-112; ,31111 11111111ιὶ11, 11
1111111111ἑὲ 111111111111111111 111111 11
[¹33ss 1111111111 111111 1111111111 11111 111 1111 111111 1111 &Ihm
111111 (11111), 111 111111 1111111111111111 1111.. 1111111111 1111111
1ιιι 111111111111111 11. 111111111111 111 11111111 1111111 111
611111 111 11111 111111111111, 1111 111111 111-11111111 1111111111
111111 1. (11111111111111, 111111 ub. ιιιιιι 1 111111111111111 1111111111,
1111111 111 1111 111111 111 1111 11111111 1111, 1111111 111111 111 111 611·
1111111111111 1111111111111111113111111111ῗὲ111
1111111111 Ιιι 11111 111311. 1190) 11111 1111111111 1. 111 111-111
111111111111111 1111111111·1111111111ζὲἓὲ 11111
1111111 ιι. 1111111111 1111111111 111111 11111 111111111111111111 11
1111 11111111 1111111111, 1111111111111 11 111 1111111111 ιι. 111. ιι
1111· 11111111 111.1111111111111111(1111111111
11111 11111 11111111111111111111111, statuta 1. 1111111111 1. ὓι11111
111 1111111111 111111 11111111 &abt 11111111 11111 1111111111111 {hm
111111111111111 ιιιιι 111111 111 (11111111 1111 111 1111111111 1111111
111111 1111111111, ιι. - -·- -1111111111 1111111 1111111111 11111 1111
11111111111111111111ΑΜ1111158911111

(11111111111 (1111111. 111111 1111111111 1111111111111111111111111111
1111111111, 111111 111 1111 1111111111 111 61111 11111 1111111111 11111
(11111, 1111111 111 1111111111 1111111 11111111111111, &urgent 811
111111 1111111111, 1111111111 1111 3111111111. (-1114.) 11111111. 111 fiat
(116 1111 111111.111111.,111 1111111111 111111 1. 11111 1111111111 1111111111

1111111111111111), 111. Boruss. Fol. 17 111 1. 1111111111111111. 1. 1111111.

[11111111 111 (111111 ,1111111111118111111111 111 1111111111 111111
1111111111 &abt 111 11111 1111111111 111111, 111 1111111111Ι 1111111
1111111, 1111111111111 ιιι 1116111111111111111111111 1111.

-111111 1111. 111111. 11111111 111111111 111111 11111111 (11111, (ιιι

1111 11111111 111111 1111111, 111 111 11111111 111111111111 (implet, 111
1111111111. 16 (1111111. 1111111111), (11111 1111111111 1111111111
1111111111. 111111 11111111 1111111111111 ‘Die 111111 &enen 11111111.
111111111 111 1111111111111 ,1111 111111111 1. Mencken 111. 111.
p. 1111-13161Ι 11 1111111111111111111111111111111 (111111 111 1111
111111 11111111 11. 1391111171 1111 1111111 11111111111111111111111 111

 

