218

6111111111111116 1111111111111111,111111111111111111111 1 11ι ¹
111, 1118111 11111 1111111111111311111111111 111111111111111 es 1
1111111111111 ῦ11ἱ111111111 1111111111.ι 1111111111116111 111 1
(1.1111111111111 11111 1111. 1111111111. 111111111111,1111 11ι
11111111111511·1111111111·1111111111113111
1111111 11111111 1111111811611111161111111181 1111131111δ &unfit ¹
1111111111111111111111111111111111111111111 111,11 ¹
1 111 111111 11 11. gn 111. Dion. Q. Fol. 17) 1111111111. 1111111..
11111 1111 111 &dnn 111 1. {3113ae 11111111 8111111111. ,111 111111, .
1111111111111111111 1111 11111111111111111
3111111 1111 11 111 ,ῦς 1531 f? 111111 11111111111111 1111111111
1111111111. 1111111111. 111111Ῠ111111111ῠ11 ᾖ. 11. 11111111111111111
11111111[1111111111111..1111111111 111
1111 11111911 1111111111 111 11111111, ss'fisssswfl 111 11111111.
3111111. 11111111,11111 111111 11ἶ1111 (1. . 11111 111111111111ι
111111 111111 111 1111111111, 111 ,1111111111 111111111111111111
1111111163, 111 1111 111111111 111 1111. 11111111 11111111 1. 131111
1. 1111111, 1. 111111 1., 1. 1111111111 1111111 1111111 1111111111 111 etet.

1111. 11111 111.) 1111111111111111. 11111 1111111111 1 11111 1. 111111

. 1111111111111111111111111) 11111ἱ1111111. &n 1111111 &133³ 111 (1111 ¹³¹¹}

111 111111111111ἶ111111111111 1111111111 11111111. 1111 11. 111
1111111 1111111 1111111111111 11 1. 1111111. 4111111, 1111 111
11111111. 6111111111 111 1111111111 Dtto's 111 1. 1111111111, 111 11
111111111111111111111111111111111111111
1111111111111111111911111111811111111311
111111, 1. 111111 (1111111. 11 1 1111111111ἓ111111, 11 1111 1111111111 111 j
1111111111· 1111111111111111111111111111111
11111111, 1. Q. 1111111 1111111111 1111, 1 11 Q ⁰qust 1111111111 11111
1111111111..1111111111,11111111111ῗὲ111θῖἓὲ
1111,1. 11111111111111, 1111 311111111111 11 1111111, 1111111. 111
391111(ξ 1111111111 ξ1ῧῖω1ῐ11111111811ῐ1811111χ11’11ἒ 1Ἠ1ῗα111811β1τᾰὲ1111ῗ11ἷα11ω111ἓι
{gaen 1111 (ξ. 1111811. 1111111 111111 1111311111, 111 1111 11 111 11111111.
11 1111111. -1111 (1111111111 111 1111111111 1110111111 81111111 1.
ἶὸέἷὲηῗηὲὀῑέἥῑὲαἷῖιιῗιΜὲᾒ mu? 21¹( ἂψ ᾱιῑιῖἕῖιῖ 1ῗωῖ111 ῗῗὲἕῗ
,1, 1111 ,1. 111
111 1111111111 1111111 1111111111 1111111. (111 x
111 1. 11111. 1111111111, 11 111 1111 1111 . 111111. ,1111111111 111
11111111111111111. - 1111111. 111 1111 1111111111 111 11111111 11111
111111, 11111111. 111 (11111. 1. &immam

’U‘Rittfilium 81111111 11. [gebat. 1. 1111111 111111. 11111111. 1111. 6 ¹
Θ. 111) 1131, 11111111 11111111111111 11 6111111, 16171111111111111
1111111111111, (1111111111 1. 11111111, 111111 1613 &abactor 1. Pressas.
eloquentiae 111111111111111 11 &tamn (11111 1111111114 131613
ὦ. 111), 1617 1111111 1111111111111 11111111 (11111. 11111111. 111111.

1. 11. Q 131), 16 31111 111111 11111111. 1. 11111. 1. 111111. 111 111. Ψᾶι

 

