419

5. 5-555, 5555555 ’555 u. 55 555 onum 555 - ,5555
555 Ι555555 555555 (55555 55, ,5555 m: 5555555555, (5555555 555 (55
5559555155 5555555555, 5555 55515555, 655555 555 55555155 , 555555
55ξῖ5ῗὲ5 5553ἑῖ55555 515³&sssbhsssssssssssff’bae‘353?ss&ssssss¹42
55,·5555555ἓὲ555555ῗῖ55ἱέ55555555, 5555 555
5555555555555’5555555555ῐῖιῖ’.55355555555555
5555555515 5555555. &Heu 555 5155555555555 55 otim 55555555, 55155 ciffi:
55555555 5555555 5515555555.
555· ῗ.. &ad-,3525 ..5555.ὲί555555’5555555555
&iubenum 5555555, &henr-unffi, 55555 5. 55555555 5555555555 55555·
53 55555,55555515555555 ’5555555555

55555555 5555555555 555 5555555 55555, 55555515 555 5555511

5. 1555 Q 155555155-169),55555555555555555555555. Qun 551555 “
5555555*5..55553..55555555555555 5 5. 55
5555555 55555555 55555 515 5555555555, 55555555. 55555 55551. {mrum
15555 3. 1553-1555 Q. 84-103‚ 1555 5555 5555555 t· 15 555 (55555.
5555555. 555 55555 . 555 5
Surge 555 5555 (5555551, 5555 5555555555555 5Ἰ 55555 555 5555 555. 55555·
5555 555555 555 5555 555 5. 1555555 55555155155555555555 555 tl 555, 555
ubet 5555555 5555555555 5. Qtten 55555 35555 5. 5555 555555 55 555
555155 5555. aad> 555 555 555555 5555515555515555. 555 &tusca
5. 5555 5555 5. 555 5555555555 5. 5555555555 55555555]

¹⁸) 85155555 5. 5515555555 (555 5. 65555555 5555555555, 5555551. 55555.
5. 55555555 5555555 5555555555. 55. 1519 5. 1555. 5555. &amanam
..55555555 5. (55 5555555. (Eine 5555555555 inue‘* 158555555555
555555555155555555 555 5. 5555. 55515555555555. 555555. 555555515556555.
53555155. 55. 3. 555 1. Q 1-29. 5555555515. 5555551. 555555. 5. st. Qim·
555. Qtuttg. 5. 55555555. 1849. 555. 1. Q 473-478.) 5555555 5851. 5555
Q. ³25. Nr. 59.

[35 5555. 15. 5515555555 555 5555555. 5555555555]

fflglbiuuaeetbem 515 1555155.ε5555555555ᾶ555555. 55. 5555 Q 351 55.);
ima„ 155555155555555.55.555;55555..1;
citiz. 5. 5155 -555 5555 u. 5551555155. (555555 -‚ 515 5555. 5.
55555. (55555515555- 5555555. 5555 in 5. 5555555555 Qamml.

Ε. 8555555555 95555555. 95555. {n 5555551 15551155585555. p. 156-
140. 5. b. 55515555 5. 5. Q. 55. 1. Q 429-455.

6555555555, 555555. 55 1655). ,51555555555555 Chronica. 5555555555
went, 555 555 55555 555 55515555 5555555555 5155555555 15 6555555,
5555 5555 5555555551555, 555 55555555 55 5555551 555 53551555, 555
55555 555 555 5555, 555 555 5555 555 555555 0551551555 sericam, 35555
555 6551555155, 55555 555 555555, 6555555, 5555555, 555555, 5555555
555 5555555 5555555555. 5555 5555555555 5555 555 555155 55555 555

2⁷·

 

