1⁰⁵

16666666 6666666 666 flam. Ι666 666 ὅ. 6666696. ffl! 66 6666666 {n
666666 66666, 69 matu 6666 66666666 666 66666666 66666 (6666 666 166666.
6666666, 666666 in 666 66666666 §Jaxfigufugulgflbffinkftffiahigeotnfflfflff.
ἓ τοίτωέἓῗς6ξέ6τ666ξέεωεὲἧ mxu nbttmdtige'u 66666666, Q:
magice& 6 6616 61696, {ffffffl'ss‘ssssss'ssffi affl “tuou'entffitii‘ltfflgigm
&tnngmjomnt 666666 66666, 66666666, »qe &epm 66 ges 6666666 u.
gisfsslgbgg‘crtiffliqee 6666 dne 6666666 6666666666666 666 66. Bet·

¹¹) ww 0666666 666 8666666. ,6666666666 666 666666 8666666
666, 6666666 9666666666666, 66666666 666 666666 66666666, 6666666),
6666666666, 6666666666 6666 6666666666) 6666666666 666666 66666666 666
end> 66666666 666666 666 66666666) 6666 666 6666666, 666 666 6666666.
666666 666 66666 666 6666666 6666666666, 6666 6666666 666 66666 6666666666
6666666666, 666 666 6666666 6666666 66666667) Ru 6666666 666 66 &om
6666666 6366666666 6666666666ἱῆ (66666ίῆ &mmmm 6666666661) 666666
ΜΨ) 66666 6666666, 6666 6666 66666 66666, 666 666 666 6666666666·
666666 6666666666 66666 6666666614) mit 666666 6666666 mie 666 bit-21¹⁸)
6666666666, 6666 6666 6666666616 66666666 66666666, nto Mami. 6666·
tir, 36666666 &othum 6666666666 66666666, 666666 6666666666, (66666666
&mdo 666 66666666 66666 6666 6666666 6666666 6666666666 666 66666
666666 666666, 66666666, 66666, 6666666666 666 &cqc 6666 6666 666 66666 ·
3969 ‘rimu 3619 666666699666”6 66666666 hurd) 666 6666666666 666
6666 666 Quum gebuuet 666 66666666 666 666 666 6666666 66666666 666
6666666666 bin 666 666 66666666 taff 6666 66666666 666 666666666666666 666666·
tram 666 6666666666 666 6666666666 666 666666 66666666, 6666666),
6666666, &utem 6666666666, 6666666 666 6666666666. 6666666666 6666
6666666 68666666 666 66666666661569· (-1666). 6666 666 666666
66666 666 6666666666 666666 „mitit 6666666 666 66 666666666ιὸ6 6666666666
666 7. 666666. 666 6666666666 im 6666666 666666 666 66. 66666666.” Qut·
nutet: ,OEbt 666 66666 in 666 6666 666666 6666 66666 666 6666 6666666666
6666 6666666666· 66666666. {n 866 (696 matt.) 66616666 0. Fol. 36.
[6666666666 u. 6666 6666666666) auf 666 6666666. 66666666. 6. 6666666. -

6666 9. (6666666666 666666 ing. 6666666666666 66666. 66666. 6666 ἲς. 1696 ,

6666 6666666666 suet (666666 6666 66666666 6666666666 66 666 66666666) u.
666 666 66666666 666 6666666666 mit 6666 mamam 666 (666666 6. 6666

66666666. 66666666666666 6666666 6666 666 666 6666666. 666666. 66666666. 6.

F. lv,

6666666666 cod. germ. 6666. 6666666. 666 16. 36666, rol. 669. 231. ''l—3?

2331. 6666666666 ,6666666 66666 666666666666 666 6666666666. 66666666 666

...μω-...οια-

¹) 6666666666 66666666 666 8666666666 6666616 {a 6666666666. 166 666666.
666666661666666666. 6)6666616.ὓῐιι66666.6 &lunum 6666666666666 66666 6666. 6) tumn.
66 6666666666. 8) 66666 06666666. 666666661. 6) 666666, w) emt. 66) omem
66) 66666. 16) 666 666 6666666666 6666666666. 66) 66666666. 66) 666 666 Omen 6666666666
666166ί ’166Ψὲ ἐθέῗιπιῖίςβιημῐᾶἲξῗ θῗῃὸτᾶιιιέἔ..ἷα6ῗὲιῖωαὲἱιιβιῗ &rabgnntffl'l'ffl
1:³st 6ἷ6ι ιέίκη wama 66 666666 6. 66 666 66666666. numu) 66666 666 666166 6666 66·

 

