279

1131114. IV. (111111. 1111111111 11. Q), (1111111111111 monn·
111111 S. 1111111111 1. 1. 1111111111111111111 11111111111611 111111 =
1111 1, 1111 1. 11111 1111111111Ι 11 1149-1691. (1 1111 1., 1111111111
11111 1. 01111. 1111111111 11111111, 1111.1111111111.1111.1. 1111. [1. Sten-
1111 111111. 111 1. 1111 116 fg. 111. 61111 1111 11111. 1. 11111. 111
1104 1111 1111111111 1111111111, 1111111111111611111111111111111
1. 1131111. 11111 fulgen 7 1111111111111 111 11111111.1111111111111
111 611111, 111 1111111111. 3111111 1.1.1101-1111, 1. 1. 1111-1111,
3. 1. 111-111111. 1648, 5. -1653, 6. 1. 1654-1656, ’1111616
-11911 ρ.131-,-149. 1. Rumor do submersione sacerdotum in Bython
11111111111111.11111111111111111111
ᾶοῧῖιι 111 1111111111ηὲ 111 31111111 1111111111 1. 3. 1166. (111.) p. 113.
4. 11111111 111 111 1111111 111111111111111111. p. 114. 1.(11111-
111 n. 11), Chronica 1111111111 Β11111 Mariae virginis in
11111 1. 1. (111111. 111 &nubium 1111111111111111111 1111111111
111 111 1111111111 111 6111111 1119. (1 1111111111. 111 (11111. 11
811, 1111111 11 1. 18111111. 111 111111111111111111111, 1111 11 1. 11111·
1111111111. 111, 1111. sim: „compendium 111111111111111111111111111111
11 1111111111111 11111111 111111111111 [B. 11. V.] monasterii 1111111-
1111111111..1111111111111111.11111111

11111 (111111. 111 31111111, 1111 111 &antitiste 1. 11111111 1. 1419-1447,

-1419,1. 9111111111 11 1111 1111111111111311111 11. 1111 11111111. 13111

11111111 1. -1470 1. 11111111113111111111[1471]; 111410-

111111111111111111111111-1111·

9. -1719, 1111’(111111.111111111 ss? u'ud) 11111111111111111111111ιῖ
1

gitta. 3111 11111. 1111111 1111

. 1 111 11111111111111111. 11. ι1111 111

1111111, 111 11111 111 1111111111 11111. 31111. 1111111 1111111. Ρο-
111111,11111111111 1111. 111111111111110111111111111111111.
Vratlslauens„ 11111 (11111111 1111111111 11 ducum 11111111,
111 111111. 1. 1111111111 speculum historiale, 1111111111 1111111111111
111111111111.1111111111ῗὲ111.11111111111111111
&tesca 11111. 1. 111-11.) p. 111-111. vl. Fihiger 11. 1111-
1711 111111 111 ww} 111111, 11111111 1111 111111111111
111111111111111111 sacri ordinis crucigerorum 11111 rubea
111111 hospitalis s. 11111111 1. 1. Quid). 111 111111111111111 11111111
[uu (1106 11111111. F. 11111111 1111111111 1111111 111 611111, bod> 111
111111 11111 1111111. 1111111111 111 1111 1111111 111111 1111111111111111.
1111111111. 111 ς1111111111111111111 1. 1111111111ξὶ &genam 11111.
&IX fg.) ,117-381 ,371-381111111111111 11111111111111111
111111). Ι11111. 0.. A. 1111111 (1718 β1111111 111311111; 1111111111.
1731), 111111(1111111111111111111111111111111111111111111
1131111111.111111111111111111 11111 ,1111111111ῗὲ
1. 1111111 1111111111 111111 1111ἓ11.ι1ι11 1111111111 [11111111 ι1111 11611111
11111 111111ξ1111111.111-1111111111111. 11111
11111111111111111 11111111111111111111 1111
111111 111 1111111111 1111111111111111 111 11111. 81111111 11111111 111111
11111 gagen. 1111. (11111111, 13111. Θ. XII. 11161, 161-411. IX. Fra·
{menta (111. 1 gicht 1111111111 1111111111 1111111 11111111 1111111111. 111

1111111111 1111. 1111111111 lv. 1111111111 111 11111111 111 1111 1111

 

