75

1155551511. 511 6115111111111111111151 11111. 551111 1511
555511111511511 1-1455), 1161511 1111511511) ,15551111
51155115115511155111111151111 15151131111, 55111) 511
5155111511 5511155111· (III 1551 15511111 8111515.) ὅ. &mg 1511·
5115-1.,511111)11151 51111111111 511511111111155111Ι
1111 11111515511111111 Mon, 5511151151 551 115151 3111151111, 5111·
111511551111511ῧ11151155,511(1515611111. 1151115511) 51511111·
1111 15 1111111 11511515 5111111151555111, u. 1111 511515155151115
11511111 111 511 5111511111 1551111 15 511111 31151 511 6111511 ..ww
111111 5. 11155151 1111 mg 511 &IIII 11151111 1111511]-
1. ,5111 55511111151 1151111 11151 XXXIII 5515111111 11. Alb.
555 3155555511· (1111 1111155111,11111111115 1111111111515111511
1515111515 kriegs 1511) 5. 1511; 51111551 15511515311111151111.) δ. 111.

11111 m. 511 111111. 5111155511. Q. 115 111.

’mm 11τὶ11551 5115 51111 5111511515 511 5111111511ῦ15111
155 1111111551 511 1111111115 1151 5511111515 1111515. (511 11 511511111
511 15. 515511.) 1511111111 11151115 511511111515 1111511151 551115111515
Anno 1515 monuo 5511155151.1 (111 1308511111515111515151551, 11111
511 515511111515511 511 511 151111111111111511511. 15 1111515. 1111.
11551115111115111. 111 1551511511 111511111551511511. 6. 15.

[9111115111 1111 ,11515 &Igu 5111111 1111111 115511 5511111 1515111
55115α511ὴ1555111ι11διῗῆεῦιῑῖιωωὲηῐῴωη 1515111115 11515 5111 1151111 511111
IIII· 1111111..11111111111..11111111111111111
1111111111 1111111111

&In 5511151111111511.1111111155. 11511111 15 1115 511 1151151511. 111511
1111111 51511515. 15 (5111155151 5111 511151111111111 ,1151151 5111111151
1151111515 1151 6111111511 15751 1155 11111111 155 51115 5111551515
511 111115151115151 1515 1111111511 511 1111511111 15111 5511115111 11515
bn· 9111 115111 5. 5. ὓ. Q 11.

¹) 15 1151511. Iol. 511. 111 11511111511115. 1111111111. 151111 1. ,(1515-
nien (1511151151 Bructeris 11115111 11551155, 11511151 Erfindungo, 11511111,
minuamus, 5111151111155 1111111111 511 515151 6511111 115111 511
5151115111 511115 115 5111111111, 11151, 515511111115111 511 11111115 1555
511515, 1115111551 11111 1111111 15 15 5111 151151 11111551 15511, 115111
1511111 8551151511, 151 (111111 11511111. 511 11551151 1511. Β55551151115
11111111 Β1115515111511111 Wartzmann. Anno 11515 (111115 5555511 1111151
15111· (1011 51511.) Θ. 1151 1151551511. 1. 1155 515 1111115115 {utu
1111. (51151.) 51155 grone 115111 155151111551111111111, 111 dom 15511

511, 15 511 15111115 55 511 1155151111

515 mn 111515 151515 51511 (5. 1. 155 5111 1111111 511 9115111111 5. OEI·
511111 111111 515 5. ὓ1511. 115 3 1519.) 1111115-1555. (5111111 5111
11111111 515 111111 15 5. 1111111115 1111 15551 1111151151. 55. 1. Θ. 515111.)
4. 1111 0511155115111111511515 51515. III 105-1515. 5111115555
51111111 15. 51111515 - 1511. (,1111 11111111 111 111511 151115ι15 ges

 

