970

01111011113101111, [111011113161111111111111 Am hi·
1111.01.1,3ι.011-388.1ι.1. 0111111131.811111111111111111113111
111 0111111113,1111110111111131113111 1110.111111111111,, 3111111
1111101 0111111111 11111 11101011111311111111311111111 ’1111113111
1110111181111111. [1111111111ιο ιιι.1,111111111,1111111911 1111111]
1111111111 1111311 31111113131311111.11111111 1113111111, 1111111 3111111111
111111111111111, 3110311133, 1111111 11111 1,1111131ιι 11101111
b. 0111111. 0111011111 111111 011111, 3. 11. 1058,1019,1062, 10701077,
1086,11381.1130,111111111 11113 1111131, 111011 111111111’011111 1111
0.1.088ι1100,0113111111111111111βο11111113111111111.1131
0011111110. 3473 -01 1111111111 1111111 1111311 81013111..
1111111, 0111111011 13113111, 11111131103111Φ111, 1,1 11111. ,311131
11111οι111111111031.11011111131111113113.1113131038,
1071, 1078,1088,1090,1098,1100,1101,1107,1115,1119,1193,1Ιῖ1,
1136,1138,1Θ,343-367,Νι.11.01111111’11110111111111768-1187.
(031, 1911111111 N. 371- 373. ι. 1111111, 1010111111 11111 011111
- 01 0111111111 1111111111 111110111111111 11,111011ἓο1ω1π

1111311111· ιιι 0111111 ιι·013111111(311,1,11111 111113111111111 111311,
1111 111131101113111111 1011 111.01111111111,1,1ι1.111111 111

011111, 0111011131. 1111111111. 031. 0 373. 381-331. 333.
394. 336. 338.) Q 374-393. Nr. 111. 0111111111111111111111 81111-
1111111 dc 8111111111 311111ιί311111 111111,338-1333, (11111111, 11111111

31101111 111 31ιὲ,Ι Ε 1111111111 3. 91111113. 31111. 0111111111

333-11111 111,1111111111331,,1111113 111 11113011

11, 111131 11131 1111311, 11131111131113, ἱιιι 01113111 111 1111111 11111111
31113111 111111 1311111111 mit 111111 1, 1111111111 u. 01111111 11111
1110111111, 11 11111330,1111111111111111111111 1111111111 111
0111111, 1111111 11111 311011111311101, 1111111101101111 110111,
1110 111111Ῑ11111111111111111 111 31111 1111111111 111 3111111111,
’0001000ιὲοι1 ἓιιὶι’0”1’11 ’0οξ1101813”01’136110.”(3, ἰιι“8’.’84ἰιιίἰῖἰί’
111 01311111.31111111111113.’1111’. 13111) 405- -.418 11111,
Registrum memoriarum Ecclesiae S 'Blasii Brunsvicensic
00111 011111111111, ιιιιι 1380 311 1111111111 11111311, 11113111 11111 1111111 ι
1111131111113.111111113111113111ιι, 0111103111 11113111 Nouate.
1111111111 1110111111101111. 01 ιι1.311ὲ1111”31113111.,1ι
ἱ111111110.0..--433 1131101111, 435131 437-434. m. 111:
,1311190111 Nekrologium Nonastcrii 11111111111110111111113
3131113111 11011 111111 1101111113 1111113133 1111 011311 1111111111
31100111.1ἶ”11111101181811,111ιὲ..11111311
111111,1,31111111111133.3111111111 1733, 180. 4- 0111811111, 1
Δ 111111 1137--1488 111133113111Μο111111311131333311113331133111
1111ωο’0100’1οὓ1’13’1’1’,’111” 1.’1’111’1’1’1’1111’1’1, ’111 8111111 &351qu
1111111 1111111113 111 11111111 0111111111, 1111111 11, 0 111111 1.
11111 013111131011011,18111111.11111],01ι1ι’1110111113,
0111,οι111111111111101111131 1311111300 43. 48, 83.
01301030ἱέ.1116111110131111111 {⁰¹53ss FN
Nr.XL'uuerbnffisgfi‘18{131¹chiffi{?2fegg·{3{1b{fNef-ssjficgigc1-0
3310111 111. 30, 384. 11141, 01111181381383-111]

ι01. 1111111 19111111, 01311311 1111 0111111 111 1111113111 1110111ιο111.
p 1111111111.1111111.1 (1111 1837) 9111811111, 1833-39.

 

