540

1111 11. 511 &tuit 111. 1 11111111 111. ὅ. 11ς 1. 1111 11. 1111 31111
1111111111 (1. 1911 1. 111. 1111311111.111.1.11.1111111. 6. 21 111 1. 1511
11111111611111114111·’ 1111“1,111111.111111”1“ἓ“111
1111111111·11111111111111111111111111111
1111 1111 1111111111 111 11111111 1111111 2. 111 111111. 1111111111 11111111
1. 111111 1. ,1541 111. 1111111 1111 11111 11111 11111111. &elem
&47-53 (11117 Q). ··- 111111 111 ,1.1114-1511111 11 1111111111
1111111111 1111111 tud„ 1111111111 11111111 11111 16 811111 3311111111 11111,
1111111111,111111111.111111ξ 111111111111111
16. 111. tole (111111. 1111111 1111111111 111 11111111πῖ 111111 1111111 11111
1111, 11111111112 1111111111. 11111111 1111111111 1111. 111 1. 1531
incl. ᾧ. 1-47. 41-131, 111111 111 1111111 111. 1141 1111 Θ. 61 111
111111111ς 1111111 111 111 1111111 11111. 111114-1601 1. ὣ. 111-11
11111111111111.,111111111111111 111111111111111 1111111111 111. 1541 111
Ε. 61 , 11111 11111 2 111111111111111111 111 (11111 111111
11111111111 111111111 1. 111111 111111 11111111111111111 111. 1111111111
ὣ. 41-53· 111111 11111 1111111 11111 11111 11111 1111 111111 11111111
11111 111111 1111111 (11111, 111111 1. 1. 11. 3111111111111 1111181111
111111111111111111111111111111111111
11111 11111111111111.” Q 11 11. 111161· 43& 6111111 13111111
ὕ. 56; 5. 1111111111111 111, 111 11111111111111111111111111 111111
1111111111 1111111111 . 16 ·11. 11111 1 &h 6. (1111 111111 11111
11111 11111 11111 111 &matht 1113111111ἱ11.1147 11 &a 1111111111· 611
-5911 &k 7. 1,1111 1111 1111111111 1111111111 1111111111 1111 (1111
1. 1. 11. 11 111 1111111111 1111111 1111111111 1111111 11 111 11111 111111
11111111 111 11111111 (1111111111 1111111111 1111111111Ιι 1. Sum 1111. 1
1111111111111 1,111111111111111 1111 11111111111111111111111111111111 1
1111111111111111111111.11111111111
11111111 1111111111, 1111 1111111 111111, 1111141*Ι 11111111111111111- 1

11111111 &tide

1111 11411111 1111. 1111111111 111 111, 1. 11111 1111 111 1

11111111 1111.11111111.1.Θ.59-111111111111161. 1111111
11111111 11 1111111111111111 111 (1111. 11111111111111111111811111 1
11131136 11111111, 11.. 111 111 11 11111111 1111,’11111ξ11111111111 111 1
111111111111’111111119111111111111111111111111- 1
11111131 11111 1111111111.. 1.1. 111111111111,111111,111111 1111111 ein 13.τέ
11112111·«1111111111111111111111ἔὲἱῗξῗέἓᾎὶῑζς.
macher plo 1111111111 11111111111111 111111111111111111111111. Sequzn:
0111111111· 1111111 1111111111111 11111111 11111 111 1111111111 1111111
1111 11 1111111111,8111111.1111, 1111111111 11 11361111 1111111. 11111,
11111111,1111111111 11111111 111111111111111161111111111 bia ³¹¹ 1:22
1111111 1111111111. 1111111111111111111 11111 111111 111 1111111111 111111 ἐι
1111111111111111, 111 1111111111 11 11111 111111111111111111111 1111111,
111111111111111111111 11111111, 1111111111111. 1111 1111111111 1111111111
11111 1113. 1563-16051631-961 1111111111 111111 1111111 11111 1.·-
11111111111111, 111 111 11111111111111111 111 11111111111 1111111111-
111111. 1111111111 1111111111, 111111 11111111 1111111111]

vm. (1111111111 u. (11111 θ11111111111. 111135 (11111111111111111.
, 1111111111, 111111111111111111111111111111111111111111111111.1111.

 

