130

11.1111111111,111111 111 11111111 1111111111 111 11. 11. 12. 3511111111.
11131 ·issffignigfbffigngvgtssbgmffiffiffggcttn 1'nug' ssffigbffi msstessugftcllffi

111 1111111111 111111111111ἰ’“1’1ἱ11.11111“1ἓ11111111
- 111111. 3. ῢ1111111 111 1111111111311111 11 1111111111, 1111 1111111111
111 111 111. >nmen 1. 111 1111111 111 1. 1111111-11111 1111111111
111 1. 1111111 1111 111ῢ11111111111111. 111111 1111 1111111111. 1111111111
1111. 1111111 mit 111 1ἶ1111111. 11111111 1111111 11111111 1219. &tib
11111111111111111111111111111’.1111111111
1111111111 p- 111111. 1111111 1111 1111111111 1. 1111111111. 1116111111
1111111 1111111111. -1111, 11111111111111 111 1111111111 11. 1111111111.
1111111111 11 11111. 111111111111Θ11111111. (11111111 11111111111111
1111111. 1111111111. 1. 1111111111-1111111111 11111 1111111111,
1111111111. 11 1111111. 111111 11111 11111111111111. 11111111 1111111111
1111111. 611111 1111 11111. 1111111, 1111 1. 1111111111. 1111111111
1111111111, 1111111111 111111 111. ι-1111111 1111 1111 1111111111 mit
ς1111111111111111111111111. 11111 1111111111. ,11111111111111111
11111111 1111111 111 1111111111111111. 1 1111111111 11111111. 1111111111
8111111111) 1ς 11111111. 1111 11111111 ,11 ὓ11111 11111111111111111.
1111111118111111111111111111111’1111111111ῗὲ 11
11111111 1311- 11119.1111111111111111111111111. 1111111 111 111111
111 1. Drb. 111111111111111111 11111111111311. 11111 1111111111. 61111111
1111111111 1370. 111111111111111111113191111. 11111 1111 111
1111111111 1111ὲ 1111113.11111111111111111111 11111 1114111.
11111111, 11111111111111111111111111. 1111111111 1111111 11 1111
1. θ. 1111111111. 1111111 1. 3111111111 † 1401-1111110. 31111111
1. 1111111111 1111 1111111111. 311111111111 1111111111 31111111 1. 1111111.
111111111.111111111111111111111 1. Suu 11111. 1111111111111ὓ111111. ’
11111 1111111. 3111111111111111111111111111111111111111111. 1
11111. 11111111111111111 11111111. 611111111111111 1111111111 111
111131111. 1111111111 11111111111111 11 1111111111 1. open.
11111111 1111111111111111111. 11111111111111111111111111111111 111 1111.
1.111111.1111111. - 1111 1111111111111 1111111111 1. 111 1111111111 3111 =
1111111111). 111111 · 11111111111111 11 1111111 111 1111111.
1111 11111111 111 111111111111111 11 111111 111 1. 3. 1410. 11111111
Β11111 1111111 111111 111113 111 ὓ11111111 111 111 11111111, 111

11111111 ,

1111 3111111111 1. 111 111111111111111111, 111111 111111 1111111 1
11111111111111111.11111111131111 111111ῶ.111111111111; 1

111 1111111111111111111111111111111 1111 111111 1111111111111111111
111111 (1. 111. 111 11111111 fiber 111 11111111 111 1111311111 1116111111
1111111· mit 1111 11111111,11111 1111111111111111116111111111 111 111
11111111 111 1111111. 11.); 1111111111111111 111111611111 11111ι
111. ῦ1111111 11 (1111111 111111 111111 11111111111111 111 111111, 111111
111111111111111111111. 111 11 11111 11111111111111 11111 11111 11111111 ’“
11111 111111 1. Ι1111111111111111 1111111111 1111, 1111111 111 11111111
11111, 1111111111, 11 1111111 11 1111 11111 111 1111111111 111 1111111 11111,
1111111..1111111111111111111111111111111111131ἔὲ
1111111111 11111111111111. 111 111 1111111111 11111111111111 3111 11
11111111 1111111111 11111111111 1111 1111111111111 1111111111 11111
11111111 1111 1111 1111111111 1. 1111111111111111111111111. 111-
1111111 11111 111 111111 1111111111 1111111111 1. 111 11111111111 111111
3111. (1111111111 11 11111111111111111111). 111 1111111111 1111111111

 

