004

8111111111. 1111111 431.
1111111811. 111. 41111111. 111. 30111. 11111111 171. 301
m. Rfflmmmmmm
number 17.-(11. b. 0111111111.) 1711111111, 07111477-471411 411·
300. 1111111111 174.
(11111111. 11111111. 4111. 111111· Roth, (11. 14.
1111111111 ³· 111 1.111.-171 11. 111111, 011. 311.
131. 1110111111 11. 11.
Regino 13. 313. 00. 113. 310. 4111. 610111141463.
- (31111111111111111111 11. 343. 11111111 115.
111411. 1111111111 143 (111. Anu. 1111111111.
1111111111 111111111111 111111. St„ - 344. 411.
Blasii 81111111111. 370. 1111111111 110-131.
11111111, 01111417. 11111113. 110. 111.
1111111111 ὕ. Kock. 111111 14311.
0111111111110111111111111141. nangius, 111. 111.
kinebardus 11111111111111 017. 1111111111 (1111111147.
noim 1114111111 111. 414. 1111111111 11. 10.
1111111111111111 31111111. (W
3111111111. 6111111111) 11 11. 11. 411. 0·
440· 8111111141 11111111ημ111111111111-
41111111 11111111111111111111111 amb.) 1111.(111111111111.)101
Relnhmbom 414 71 111 11.(1111.11111 cmliv.)
4444444041, 444440144044401144074· 47. (11111-’111111111 1. Br.) 11
1111111111, B. 11. 10. 111. 11.
4440444404 04 11· 404· Saccus 311.
4444144044 444·-44· 404· 404· 811111 1. 1011111111 177.
1111111, 1111111111 t. 1. 11. uste 5111111111. 311. 111 fg.
mmm-⁴11· &nannet 011111. 6. 14111111.
- 4440· 40· 444· Sagittarius, 0111. (1111111. March...

111111111 411. 1111111111.) 19. (11111. bipart. Eo· ,

1414111444· 1111111111414. (1111111111-

011111 141. 411 11111.) 311. (11111. 1111111.) 101. 313.

3111111, 1111111111. 11101111 1. 1. 1. 11111...1)11. 1111111.) 111. (nist
171. 11111111, 1111111111.) 404, (01111111.

1111111111 371. hist. 31111.) 363. (11111. luth

1111111111111111. 6. 1111111111. 11111111.) 11. 11. (1111111111.

nimbertua 411. 11111111.) 413. 411. (nist 111111

11111111 11 11. Thur.) 413. 411.

1111111111 417. - Paul. 11111. 311.

1111111111. 8111111111111 1111. 111. 4111111-

noch 311. 111. 11111. Ρ11111111.

(11 Recolo· 44. Sanus 313.

Rode, 11114. 141. 8111ἰοί11 110. 110.

11411111 111 11. 411. 3111111111 147.

 

