341

1. 1111111 1. 111111. 1111. Q 10011. 6111111111 1. 1. ὓ.
3113345.11.111111.1.ὓ11.1007-1(114. ’3111111111το 111
111, 1111 1111911 1111 1111111111 11111 cuffiam 01111.,1. 11111 1111111
111 111111111111111113111111111 111 1111111111 111 011111111111
1131113311113[31.11111..1·.11111111111.1113111ῑ
111 111Θ111111 [ub. 111 61111111 1113111 111911111111 ,1111
1311 111 1. 1111 1.111.,11111.1111.11.3111· 111. 3111111111 1111111
Ξι111·1.111111111111..1111
1111111111ςὲ1111111113111111 11111111, 11111111.,1111111111111;
1111111111 ,311111111111;11111131111111.311111111111.ὒ111·
[hub]- 311111. 11111334. 1335. 1345. 1346. 1347. 1353.1354.1361.
1364. 1370. 13711373. 1374. 1375. 1377. 1373.1379.1330.1331.1339.
1333. 1335. 13361399. 1393. 1394. 1395. 1397.1393.1400.1401.1403.
11011407. 1403. 1409. 1410.) p· 1315-1419. (101111111ῑί0 11111·
1111 Poloui 11 au. 1152-1343 11111 911111 11111111, 1111 1111 11111·
111 3111111111 111111111111111, 11111 11111 1111 1111 1111 1111111 11 1 fu·
111111, 111. 31111111. 11 11111 ,1.91111111111111. 111111. 11 1.
111111111113111131111131113111111]..1111111111
111 ,1111111 31111111 111 9111111111 1111111 1. ῗῃ1αη11111111111>θ1111011111
1111ς 1111111111111111111111011 111 113111111111111111111 1111. 111111
p. 1640-1731.-311.1 1 ’111111111111 0111111 011111. 9111311111.
111111111111111111111111111.
11.111331.(13111111,111113131111133133113113
111 1111111111111111. 1111111. p. 141-178 1111 31111111. 1111111. 1111 cb

111 G. 111 1. 311. rer. 3111111111. 31111. ρ.337-1431111.111111111“1.

1111111 1. 11111 p. 143-151 111111111 6111111 1111111111,1111 10.

111 111111 11111111, 111 111111 111 11111111 1111111. - 1131101111.
11311.131113111131511113113311113111113311.31·
311111, (3111011111, 13111111, 3111111111ΙΙ ιι0311111ῐὶ magni?
1111ρ1111111τ111ῃ1. ,Sbecezrlffiass 1811111111 1.161111111.]11.31., 1111 1410
ι1113 3111111111 113111. 3111133.113.”111.“3111111’ 111
1111111111. 1111111111, 111. 131111111111111111111, 11111111. 1. 1111,
11. 11111111 1111111111111111111111111 111. 11111 1. 311111111ς
nb. 111 61111111 1111111111 1. 3111111111 1. 1111111111, fib. 111
6111113111311111111 ub. 1. 111111 11111Ιῴ1 1v. 1111111 15111. 11.
11111111. 3111111 111. 1. 61111111 111 1311111101 11. 311111111111

’111111111111111116111111111 11811111, 111111 111011111111 (11111111111111, 111-
senor 1111111111 1, 1111111 medicatorum 1111111118111111.“ ῦτ 111111 1114 111111111
un 11 1111 m 11 1111111 11. 11111111 1111111 111111. eune “brun-,utic 1111131313 11111
1.. ἱ11111111 {ltassffietrngznixfi 11111111”1ι11111“11111’11111’11“ 1111111111 1111111 1111111, 11·
1133313331 31313133113111ῗ 31133313131333333313313
mmai ε1ὒ115111η111111111111111111 nummorum 1111111111 11Ιωρπιωῐυω,“ 111111 ’
...21111191911113311111131111113111311111111111.1113111
111111111ι“ -uss, 111111. 111 191111111111 31111111. 1111111111. nat. 1111111111 a. 1. 0.

31. 5111. ἓ. 171 11.

11111111. 111-1111111111 1111111111111

 

