100

11111 11111111 1111111111 111111 811111111111, 111 111111 1111111 11111
111 111 1128. Besohribenn durch Bartholomeum 1111111111. Anno 11111
cristo gebunt 111111 114316 111111111111. 11ὓ11. 111. Βοω11.1111.1911.
11011111111111111111111111111111111 111. 11111111 811) 111111
1111111. 18111. 1. 1111111 (111 1111111111 111111111111111111111111111

, 8111111111111111111 1.111.Β11111. Fol. 1751. 1181111 (1111111111 1111
111111111111111111111111111111111111111)1111111111οώ
1111 1111111111, 111111 1111111111 mit 111 111111111111 111 1. ibim:
,111111111111111111111111111111111111111 (Eine 1. baub-
1111. 11111 111 1111111111111111 11111. 1. 1111111111.

5111111111 11 111 1111111 111 &int (1111111. 1111111. 1 3111)
1111111 ,, 1111111111 1111111111111111111111111111]Ι 111

5¹Chrigtinnus 111 11111 111111111υ11111111111 11111111,” 11111. ὲ 111
111.) 11111111211111(1111111111,111111111111111111111111.Ι 11111

,1111111111 1111111.1 Ε. 111 11111111.) 111111.31111111111.1;
Descn' 1111111181νῇ huius Regionis.“ 111111 ,1111111181Ιυί11 11
111111 &mmm 1111, 111 111 111111 11111111111111111111111.1.11.’1
1111111 11111111111111111111·»11111
(1111111111111111111111111131111111111111111ἱῖ
ς11111111811111111111. 111111111,111111 1111111111 11111 1111 1111111111
1., 111Θ111111111 111 111 (111111111111 111 11111111 1111 111.,1111111
11111111111111111111131111111111111111111111

’ ⁴ „obrutum 1111111111111 11 111 11 111111, 111 1111 11111 111111111 nt 1
11111111 ,11111 1111.111111111.1111“ 1111111111·ἑὲ
91111111 11111111 1111111 1111111 3111111111 11111 11 1111 111111111111111111 11111111111111
111 1111, 111111111111,111111 111111 1111 111 11111111, 1111111 111 111111111, 111 111111
111111111111111111111111 11111111111111111111
nat 11 111 1111111111 111 111111111111111, 111 111 111 8111111111 111111111111111111
,111111111111111111’.11111,11111111111111111
11,1111τ’11111,··1·..-1.111 1· 11111111·1111.1.111.1111111,· 1.·
1111111111 11 11111 11111, 111 11 1111111 11 111 11111, 11111 111 11111 111 1111111, 0· 11
1111111111 11 111 11111, 11 1111111111 1111111 111 111111 111 11111111 1111 6111111111 11 111 1111
111 flffie‘nt gert 111 , god 111111ἑ1111111111ὼ1111111 11111111111 1111111111 11111111111111111
,1111111,»1111,ε.1..111111;1··;1111
·11..11;1.“11.·11111111111111111111111111111
{ab 1 1111 11111 1111 1111111111. 1111111 11111 111 tufa 1111, 111 11111, 11161111. 1111111 111
’'¹22'' ’,1111111111’.1111111111ιὶ1ῗῖ 11111111111111111111’1.1111·
{3⁸⁸¹ 1:502: ὧι 11111, 1111 1111 11111111 1111111111 111111 111111, 1111111 11111 1111111
1111 111 11111ξιέ11σ1α111111ῃ111β111111111’ 11111 meli? 1111111 1111111111 :malvarum m
,π {zp'flbzf'n'fmffinbgngm &gunnam 11111111111 111 &somne 1111111111 111 111
111ε wanzuh: 1υ11αυ111111 1111111111, 11 1111111111 11η1111ἴ11111111’1111ω1111ῦι1111ὗ111
11111 111 1111, 1111 111111 &mmm‚ngssnssfflf'fle'essf 11111111ιῆ11111111,ωε,111111111111111ο
1111111111 ’1111111111 εἴ111111111111··1’····’ ’1 ’¹‘'‘' '³
mumiffiwtagnm 111111, 1111 1111111111 111111111111111111111ἷῆῦῐο. 1ν11111ιε 111111
111 11111111 111 111111111111111111 nanim& 'gni't'twtgffm m mmm ω m' m

 

