212

1111111111 1. 111. 1. 11. ὓ. 13. 111111111 1111111 1. 6111111111 ¹

11111111-1.. mmet, 111111. 111. 111, 1. 1. 11-11.

111111. 11111. 1111. «uf 1. 1111181111. 1111111ἑὲ.

mss. Fol. 125, 111. 1111111. 111. 116, 111.
1111, 679, 111. 1111111. 1111. 137 n. 111. 1111111. Fol. 111-111. 125 (390
111111. 111111, 111) 111 1111111111111111111111111 be 1111111111, 111

. 11111111 1. 61111111111111111 111111 111111111111 &emortua 1111 ³

,1601 111111111111 111 11111111. 1111 111; 111111.,111111 ’61111
1. 11111111 111 111111; 1111 1111 11111111111111111111. 11111111. 1111

1111111111 111 11111111111611111111111111111111316001111 ’

11111111. 11111111 11. 11. 1111111131

11111111111111111 nostram 11 tem per utrumque 1111111 deducta·
1117 1. 611 3. 11111111111 (1111111 111 111 1. S. 1593, 1111 11111
111111 111. 1. 3. 1606 (111-1111· 4. ,111111 111 11111111 11111 111
11111111111111 1111ὲ 11 1111111111ῐέ 111 1111111111111111111111, &bun
1111111111 11 111 1111111111111 11118111111111111111311 &utria

11111111 11 1111111 11111 11111111 11111111· 11111, 11111 1111111111 111 1
In 111 1111111111 111111. Qum· 1111 111 111111111111111 1111111Ω1111111

1111 1. 1111111111. 4 111111.. 111. 355-3583 1111 111111111111. mit 111
11111. 111111111111165, 1111 1. 111111. 1. 3111 111 (11111 111. 371,
1111 11111131111111111 1111. 368, 1111 11111111. 111 1111111111 111. 1811.)

111. aas-390. — 111. Nr. 116. (311111111111111. 11 fiat), 1111 111111 ’

1111111 1111111111, 111111111111111111111 1111 111 [1111131111111111
1111111111 1111111 η11111111111111111111111111 11111 11111 111111 Meu
111111111111111111111.11111111
11111111. 111111-111, 11. 1111111 1. 111 111 1111111111 IX. 111

(11111. 11. 1. 1513-1600161. 111-3111 ’111111111111111111 1

111ἒ11111111111 111 111 111 1111111111 . 1111 111111111 111ωεῖ11

111 111116 III. 111-3371 11 Nr.126 111111 111. 144-112, 11111

Iun 2. ,(11111111111111111111111111111 P
Pomeraniao Principum ab 1ο tem 11 quo religionem christianin am· ¹

111 1111 1111 &cite 11111 11111 11111111, 111 11111111) u. 111 1911606 1
1111111111, 11111111111311111 1111111111 111. 16111-,160111 11111.. 111111
gre-{3324} lfflt'tiffitmgguffibbrtfiff‘). 111111011110111111Β 1111111111 111111οἓ 111ιι 3

1. 1111111111111111 1111111. 11111, 1111111111ῑί1. b
fi} 160611111111111 i 1. (11. 116 11. 11111. 115) 41 Θ. (1111. 111-10511.)
11111 111111. 1,. 11111111111111) 1. 1. 11111111 1111, 111111 (111161.
ἑῑίῗι-113219111ιωἯεῖηεῃΒ11ἱ1 τὲίιξι 111111. {gn 61. {n 11ιὶ 1111 ibai &bfflh
111 1. (11111111Π111Ῑ, ι11111111 1011111111111111111111 1111111 ,’ 1111 111Ἦῖ
ι1Ιι {qssr (1161161115 ,ᾇ1111111111111111111 1111111111 1691. 31111111 1. 11.·

111 111. w -· 111. 11111. 6. Iol. 11. 1153 111111. 11111111ῦ11.),111

1111111111 1

111 ,11111111 1111 11111111111111111600311· ,

mut 1111111111 11111111111111111,111 111 111 1. 11111111. 1,1111111111 ’
noth 111 t: ,111111 11111161. Collegit Iohannes 1111111111111 11111111- .
111111 olffiastanus 11 1111111111 priuciffumss 111111111111111111111 Ῡ

1111111111 1. 1111111 1111111 111ὓ11 11 „mutuus 11111 (1111111111 11
notamen! 1111 11111 1111111161111.,1111111111.111 1060 111

111 1111111111. 1111 u. 1111 111111 (1111111.11.111111-1111., I

1. 111111-111111111 111. 1111011463), 111 111 (11111 111111
111 11111111111111111111·11·11111·
11111111κ (111111111111111111111111, 11111111111111111111 1111111. 111,

111111 1311. . . 111 11 1111111 11013111. . . 111 111111. 1111 111·

 

1111111116. 111 I. 111111 ’

