364

11111111111111111111111111. 1111 111 111111 111111 111 1111111111
1311111111βε 111.11111111ῐὶόῐί 11111111εὖ ΜΨ 11111
188. 1111111111 111 1111111 111111111111111111τ111ῃ111111111 111 tube—n
&bathen 11. 1. 11. 11181111 111 11111111111188-211 Nr. X. 11111-
11111111 luneburgense, 11111111. 1.11.11.ῧ11111111111 11118 11111
11111111. 111. 11 4. 111. 118 111 1111111 118 1111111111 1111111111 ,
1111111111 1111 111111 (1111111111111111 1. 11. (11 111 1111111111. 111
1111 13101 1321 1111111111, 1111111 11 11111111111111111111111, ¹
’11 1111111111.11111111111111111111,11111111111111
(111 . 1181111111111.1111111111 1111 1111111111. aaa 1111111181-
11111111.1111 11111 11111111 1111111 111 111111111111 118 1111111 3111,
1.1.1. 111-12. 31111.. 1111111 11111 1111 11111111111111.11111111
11. 11 11111111 1111111 111111111111111111 111, 11111111111111 11111,
111111 11111 11111111 1111111 111 11111 11111111 1111111 1111111.) ὓ. 234-
219. (1.180-13111 1. 11111111. 118 1111111111 11111 statuta u, Con·
11111111111.) 111. 3. 1111111111 1111 111111111111111111111111 61. 111
1111111111111111111. 11811111. 111. 111: 1111111111111111111 111 111
1111111111111 11111111111111111111111 11 111 1. 1111111 111·
18. 31111. 1. 1501-1549. 1111111 111 1111111111 11111111. 11111111
1111111111. 111 1111111111111,1111 11111111111111111 1111111 au:
1111 1111111111, 111 11111 11111111 118 1111111 1111111111 1111111 11
1111111111 1111111111.) &104-118. 1111. 1111111118 &t 111111
1111111811111111111811111111111111111181131111.(01111-
11111 118 311111111111111111111 1111111111111Ἵ, 11 1118111111
111-..11111111111111111111111111111
1111 118 Suu 111111111111118 111 1111 111118 Q 11111111·
111185-1348. 1111.1)111,11111111.1.11. 1. vl. Ε. 111-111
(111111. 11111111 1111 111 111111111111111111.111 1111111111118 11111 111

311111111111113 111 111 1. 3. 13413 11111111 11111111 111 1111111111
1111111111 111 11111111111111111,1111111111111111111111 {sinltffl ¹
111111111111111. 1111111111118 11111 11111111111111111111, 118 1111 1111
111 11111111111111 11. 1111111111, 111 111111 11. 111 111111 11111 11111ι

1111111 1111111 1111111111 118 1111111118 1. 111111111 111 111111

1 · 111 1111111111 1111111111 111 1111111111111111111,11111111111
111111 1111 11 11111, 11811111. 1111111 1111111111, 1111111 11111111
1111111111 81111 1111111111 ,111 111 11 ψ
1. 11111111.. ὓ111 1111 111 ς111111 1. 11111111. 1111111111, 111

(11111. 1111 1111111111. 111 1111181111, 111111 1111111111. 1111111111 ¹
1111111 11 1111111111 11111111111111

1111111·111111-111111111111·11111111111111111 ἶ
1111111111 118 11111111 1111111 1. Be 1 1393 111 111 11111111 11111111
1111111111111111111111111. 11118 11111Ἇ1111111111111111111.) 111-11. ,
111. IV. 11113. 1)11 Fehdo 1181 Sta 1111111111 1111111111 111111-

11111 (1111(1111111111 von Schwarzburg in den 1111111 1111-1435. Ans
Peter Beckor’s Chronik mit eth. 1. Fr. 1111111111. Θ. 92-101.
86111111 (2 1111 111111 1. 11 111, 1 1. 1111111. (11111111 11
111 111111 1116111131111111111111111111 11111. . 101-113. 11111. 1
111111111111111 1111111111111111 111111. 1178. Q, 118-101. [v. 111 3
..113: 311111. 1. 1111111111] 111. V: gn 1. 11. 1. 11111111, 1111, 3
11111111111111111111111[1111111111. 111111.1.1111111111111,1111111 ,

 

