111

111ῄᾶ1111111111111111111111111,11111 111111111111111ἰ11 1111
1.111111111111,111 111 11111111 11 1 111; 111 111 11111111 111 an·
111 1111111111 111111 ς11111 1111111 111. 111111. 1. 3. 1581,
15861611 111. Bor. 111. 111. 118. 116. 111 1. 11111 1. 11111. 3. 11111111
11111111 Β. 11 11, 1111 1111111111 31111 (1180) 11111131 11111111, 111111
11 1111111 1111111111, 1111111111 u. 1111111111 1111111111, 111 suth 11
11 11111111 11111111111111111111; 1111111113. 11801111111111111
111111111111131111111111 1111111111111111111111111)1.111 11 111
1111·1111111111· 1119111213111111 1119
1111191111 111Ι 1113111111ιῆ 111 ἑιῐ111131311311ῑ1311111183 Θ. 'Aufnffiet 1113
111111111111111111111111111111111111111
111 11 11111111 111111. 1111111111, 1111 111 111111111111111 1111111111
1111111111. 1111111 bow, 1111111 B. 111 111 1111111111 111 2. 3311111111
111 ,Ate 1111111. 1111111 111 1111811111 Petrus 11 1111111111 11 111.
1111111111 11111. 1311”; ,1111 111.11111111,111 111 1111111 11111111
111 Wartenbergk 111 31111111 1,1111 111111 11111111 11 11111111) 1111111111
1111 1111 A. 1818”· ,1111 11. 11111, 111 Alexand. 8111111111 11111111
1. 31111111111111111111111 ἰωή ,11111111ξ1111111111 1111111111 1111111111
111 11111111 11111111 111 11 111 Jorg 111 1111 1111 1111111111 1111111”;
,1111 1111111 111111111 1111111111 111111 11111111111111111111
v. 111111111111. 111 11111 1111111111 1111111111 A. 1510111 11111111
1111111“; 111 111. 111Β111111. 81111111 111111111111111111. 1518
1111111111111Ἵ ,1111111111 111 Jor 0 1111111111 1111 11111 3111111111
111111 111111. 1111”; Η111111111 (3111. Α. 1168; 11111111 Sylv.
145& Alb. Κ11111 1111 1500; Eram. 111111 111 1111111111. Ρ11111.
1111110ος 1111111 1111111111 111 reb. Polou: 1111111 1111111111
1111. 111111 8111111111111111111,
11111111)1111 011111. 1. 111 1111111111ς 111111111111. &ubet 1111 11111
11111111111111111111ῧ111. 1111111111 111 11111111 111111 1111111111 Chro
1111 1111111111, 01111111. 01111111, 01111111 Ep1scoporum,
11111 .Ξ1111111111,111111111111 111 111111. 1111 111111111111111
111111 1. 1181-11101111111111 1111111, 111 1111111111 1111 Born-
bach's 111, 111, 163111111111111111111 1111111θί , 1118, 6131111·
‘¹¹¹' 111’1111111131ῗὶ1ῖῖ 3111111111 311311 1112111111
11111131113111111111111113111111111111311111
Ξὲιῠθ Azteifftz& ¹132}ss ζ1111ῗ11ἑ18δ111ῇ11ἑνὶ1111ἰῖ1) Gffdffiuffi b;n{?e11n21n(}lfb. 4.
613ξῖ111111, 1111111111. ⁸waet'tixlx¹ (13111133 faus ilytuugw 1311111131

111
111111 1111 1111 1 1111111111) 1111111111 (1111111 11111111111111. 1111 11111111
θ1111 1111111111 11111 11111111 1111111111. 111 &tellum 1111111118 111

woltun bessbron. 1111111111 11111 (1111111 (1111111111 Ἳὴτ
,11111 1111111111111111111111, 111 1111111111 gu 11111111, 1111111 1111 11,
11111 1111 111111111111111111111311.1111111111111 11111111. 1111111
11 118 Ρ11. 111111. 11111111 111111 111111Ξ11111 1111111111. 11111111
13311131113111113111111 11111111111111111111
1111111111111111111111111111111111
11113ξὲῑὲ 31111ἓ111 1113113113 131 (11111111.ἱ11111ἰ11111ἐ {jaer 1111111111.
111 &Aa 11111111111111111111111111111

Β .

 

